0.0	1.543672718725284e-7
9.999999747378752e-5	1.6128027666663774e-7
0.00019999999494757503	1.7225084736185022e-7
0.0003000000142492354	1.8419383073018981e-7
0.00039999998989515007	1.6149825588221156e-7
0.0005000000237487257	1.9587719181044253e-7
0.0006000000284984708	1.7368333618311834e-7
0.000699999975040555	1.537687742267419e-7
0.0007999999797903001	1.4899963843776122e-7
0.0008999999845400453	1.1657233272672943e-7
0.0010000000474974513	1.4941305382882706e-7
0.0010999999940395355	1.2754279196464406e-7
0.0012000000569969416	1.5904148720833103e-7
0.0013000000035390258	1.4037927591192558e-7
0.00139999995008111	1.3694517558731484e-7
0.001500000013038516	1.4133271206026748e-7
0.0015999999595806003	1.4817289269072518e-7
0.0017000000225380063	1.2657078807450584e-7
0.0017999999690800905	1.313836061387514e-7
0.0019000000320374966	1.3033474493650094e-7
0.0020000000949949026	1.2063407864572867e-7
0.002099999925121665	1.0125397165142567e-7
0.002199999988079071	9.527702323977947e-8
0.002300000051036477	9.778790125721022e-8
0.002400000113993883	9.428974744083032e-8
0.0024999999441206455	8.730579676145014e-8
0.0026000000070780516	8.197440064836212e-8
0.0027000000700354576	8.044169415700852e-8
0.00279999990016222	7.380846030795647e-8
0.002899999963119626	7.390616117899347e-8
0.003000000026077032	7.306635697855879e-8
0.003100000089034438	7.279355291245167e-8
0.0031999999191612005	6.948970250180106e-8
0.0032999999821186066	6.461697466216447e-8
0.0034000000450760126	6.654327243001812e-8
0.0035000001080334187	6.26906917682448e-8
0.003599999938160181	6.21188960388915e-8
0.003700000001117587	5.90966522065181e-8
0.003800000064074993	5.57987255833437e-8
0.0038999998942017555	5.335756109997943e-8
0.004000000189989805	5.5817482294417506e-8
0.004100000020116568	5.5240129359356185e-8
0.00419999985024333	5.234456467115655e-8
0.00430000014603138	5.266912100225671e-8
0.004399999976158142	4.954246511474121e-8
0.0044999998062849045	4.782391554019663e-8
0.004600000102072954	4.5274884534011435e-8
0.004699999932199717	4.498643106008555e-8
0.004800000227987766	4.264761999542003e-8
0.004900000058114529	4.274663649814084e-8
0.004999999888241291	4.141494404705819e-8
0.005100000184029341	3.9308156156448356e-8
0.005200000014156103	3.880370491663321e-8
0.0052999998442828655	3.8247078487072793e-8
0.005400000140070915	3.758958984338371e-8
0.005499999970197678	3.617966970467289e-8
0.00559999980032444	3.5677223463165216e-8
0.00570000009611249	3.518886532456217e-8
0.005799999926239252	3.406035781565774e-8
0.005900000222027302	3.335174911815581e-8
0.006000000052154064	3.334569993430951e-8
0.006099999882280827	3.2340745229419495e-8
0.006200000178068876	3.1348274575041184e-8
0.006300000008195639	3.0551769724835716e-8
0.006399999838322401	3.031350565738519e-8
0.006500000134110451	2.9814655727688465e-8
0.006599999964237213	2.9628118003846043e-8
0.0066999997943639755	2.8874818742280873e-8
0.006800000090152025	2.852575372790935e-8
0.006899999920278788	2.8102656693372095e-8
0.007000000216066837	2.804008538003321e-8
0.0071000000461936	2.7176204504833966e-8
0.007199999876320362	2.6677545447818067e-8
0.007300000172108412	2.633321505830884e-8
0.007400000002235174	2.6030242054014292e-8
0.007499999832361937	2.570508484272611e-8
0.007600000128149986	2.5235701029734723e-8
0.007699999958276749	2.4908060165067574e-8
0.007799999788403511	2.4515367337458035e-8
0.007899999618530273	2.4155223672949573e-8
0.00800000037997961	2.4177813113228347e-8
0.008100000210106373	2.3534742784431345e-8
0.008200000040233135	2.3244720197721664e-8
0.008299999870359898	2.295553356156931e-8
0.00839999970048666	2.269270431544058e-8
0.008500000461935997	2.231134447685263e-8
0.00860000029206276	2.1958920331099143e-8
0.008700000122189522	2.1684919371986224e-8
0.008799999952316284	2.1406318710802582e-8
0.008899999782443047	2.110588962310189e-8
0.008999999612569809	2.1252246985009145e-8
0.009100000374019146	2.0686451000996563e-8
0.009200000204145908	2.0413840307283445e-8
0.00930000003427267	2.0169175511473814e-8
0.009399999864399433	1.9946034773171714e-8
0.009499999694526196	1.974853256798811e-8
0.009600000455975533	1.9529238670817873e-8
0.009700000286102295	1.9321902077110224e-8
0.009800000116229057	1.9129375845308093e-8
0.00989999994635582	1.8917514844858268e-8
0.009999999776482582	1.8998155372928604e-8
0.010099999606609344	1.8548367358943218e-8
0.010200000368058681	1.8326017749706106e-8
0.010300000198185444	1.8175332378186343e-8
0.010400000028312206	1.8003529552046698e-8
0.010499999858438969	1.7832109455835405e-8
0.010599999688565731	1.76815948233491e-8
0.010700000450015068	1.752769272121601e-8
0.01080000028014183	1.7359559975917007e-8
0.010900000110268593	1.723492352622968e-8
0.010999999940395355	1.723479580716338e-8
0.011099999770522118	1.693985850317591e-8
0.01119999960064888	1.6779827798389592e-8
0.011300000362098217	1.66481202972441e-8
0.01140000019222498	1.6507050559996692e-8
0.011500000022351742	1.6373618743964465e-8
0.011599999852478504	1.6233889405879235e-8
0.011699999682605267	1.609523402736941e-8
0.011800000444054604	1.594809915630656e-8
0.011900000274181366	1.5817083524686177e-8
0.012000000104308128	1.578099141830377e-8
0.01209999993443489	1.554775990389525e-8
0.012199999764561653	1.5413903104437472e-8
0.012299999594688416	1.5300099616456765e-8
0.012400000356137753	1.5185336078121112e-8
0.012500000186264515	1.5048356375471227e-8
0.012600000016391277	1.4928076359973135e-8
0.01269999984651804	1.4807876083100475e-8
0.012799999676644802	1.4699047874390475e-8
0.012900000438094139	1.4585468745253917e-8
0.013000000268220901	1.457737388435615e-8
0.013100000098347664	1.4366004173087408e-8
0.013199999928474426	1.425798332542988e-8
0.013299999758601189	1.415585649840839e-8
0.013399999588727951	1.4045573321654659e-8
0.013500000350177288	1.3942691964435443e-8
0.01360000018030405	1.3838423856158848e-8
0.013700000010430813	1.3738360722497565e-8
0.013799999840557575	1.3644567060059078e-8
0.013899999670684338	1.3546759925607134e-8
0.014000000432133675	1.3559657692679306e-8
0.014100000262260437	1.335532127790156e-8
0.0142000000923872	1.3262648886990386e-8
0.014299999922513962	1.317663400682507e-8
0.014399999752640724	1.3090387272181593e-8
0.014499999582767487	1.3006636061563713e-8
0.014600000344216824	1.2921539074947178e-8
0.014700000174343586	1.2837833356135789e-8
0.014800000004470348	1.275313808248589e-8
0.01489999983459711	1.2670618328875883e-8
0.014999999664723873	1.2691634162560609e-8
0.015200000256299973	1.1627060990527948e-8
0.015399999916553497	1.1485405148268532e-8
0.015599999576807022	1.134672946971627e-8
0.015799999237060547	1.1209168630882941e-8
0.01600000075995922	1.1940429487065896e-8
0.016200000420212746	1.0948190367386427e-8
0.01640000008046627	1.0823186407990863e-8
0.016599999740719795	1.0700824969707028e-8
0.01679999940097332	1.0583058342775268e-8
0.017000000923871994	1.1285717309658965e-8
0.01720000058412552	1.035598018280515e-8
0.017400000244379044	1.0247217850686702e-8
0.01759999990463257	1.0140361839738759e-8
0.017799999564886093	1.0035924110207245e-8
0.017999999225139618	1.0709854133795554e-8
0.018200000748038292	9.835508126847664e-9
0.018400000408291817	9.739159428337666e-9
0.01860000006854534	9.644828486812324e-9
0.018799999728798866	9.552404614972244e-9
0.01899999938905239	1.0200266706862212e-8
0.019200000911951065	9.374272743887893e-9
0.01940000057220459	9.288074079396159e-9
0.019600000232458115	9.204759282082745e-9
0.01979999989271164	9.123324199717974e-9
0.019999999552965164	9.745980577173452e-9
0.020999999716877937	9.34070793189116e-9
0.02199999988079071	8.976711524069458e-9
0.023000000044703484	8.64836814395908e-9
0.024000000208616257	8.351356804691617e-9
0.02500000037252903	8.081832019156157e-9
0.026000000536441803	7.837008506314595e-9
0.027000000700354576	7.613939045403254e-9
0.02800000086426735	7.410620726454124e-9
0.028999999165534973	7.224811156527912e-9
0.029999999329447746	7.054959706695439e-9
0.03099999949336052	6.8996553438955286e-9
0.03200000151991844	6.75766797844213e-9
0.032999999821186066	6.627896011700851e-9
0.03400000184774399	6.509376579927128e-9
0.03500000014901161	6.401263588479164e-9
0.035999998450279236	6.302868982918699e-9
0.03700000047683716	6.2135148462445374e-9
0.03799999877810478	6.1326749627662035e-9
0.039000000804662704	6.059871404682743e-9
0.03999999910593033	5.994660177537957e-9
0.04100000113248825	5.936663935885028e-9
0.041999999433755875	5.885568068695973e-9
0.0430000014603138	5.841090627310568e-9
0.04399999976158142	5.803006797719317e-9
0.04500000178813934	5.771107035228653e-9
0.04600000008940697	5.745220265823488e-9
0.04699999839067459	5.725218227669384e-9
0.04800000041723251	5.711004850788062e-9
0.04899999871850014	5.70250399659372e-9
