0.0	1.4435520655538794e-7
9.999999747378752e-5	1.244408407100858e-7
0.00019999999494757503	1.3313814101224483e-7
0.0003000000142492354	1.4488381773042696e-7
0.00039999998989515007	1.5274297177567736e-7
0.0005000000237487257	1.881778013074976e-7
0.0006000000284984708	1.643670170758594e-7
0.000699999975040555	1.0821400809755752e-7
0.0007999999797903001	1.7108450245056374e-7
0.0008999999845400453	2.2490641465219576e-7
0.0010000000474974513	1.6777326047329313e-7
0.0010999999940395355	1.8173330170903348e-7
0.0012000000569969416	1.5653173119717994e-7
0.0013000000035390258	1.5324517312458074e-7
0.00139999995008111	1.6950034679198665e-7
0.001500000013038516	1.346109422553173e-7
0.0015999999595806003	1.424071980796388e-7
0.0017000000225380063	1.4635004057543704e-7
0.0017999999690800905	1.324787821983409e-7
0.0019000000320374966	1.4139909370701703e-7
0.0020000000949949026	1.295418991829049e-7
0.002099999925121665	1.2840162348558638e-7
0.002199999988079071	1.1188210948086418e-7
0.002300000051036477	1.0091137289895286e-7
0.002400000113993883	1.0525810605995978e-7
0.0024999999441206455	8.727189055450275e-8
0.0026000000070780516	9.055793909897823e-8
0.0027000000700354576	7.720981273521935e-8
0.00279999990016222	8.477606949797087e-8
0.002899999963119626	7.719912645851886e-8
0.003000000026077032	7.5627994833868e-8
0.003100000089034438	7.617429918528371e-8
0.0031999999191612005	7.525928936248714e-8
0.0032999999821186066	7.363377955186128e-8
0.0034000000450760126	7.003294829167038e-8
0.0035000001080334187	6.442636495358692e-8
0.003599999938160181	6.4937970002824e-8
0.003700000001117587	6.076678477249157e-8
0.003800000064074993	6.139575449270466e-8
0.0038999998942017555	5.586194751693706e-8
0.004000000189989805	5.6091389585672095e-8
0.004100000020116568	5.623656196569461e-8
0.00419999985024333	5.457002114095268e-8
0.00430000014603138	5.071001063938278e-8
0.004399999976158142	5.262742263769394e-8
0.0044999998062849045	4.8635907814127656e-8
0.004600000102072954	5.042149898718809e-8
0.004699999932199717	4.5474868070820146e-8
0.004800000227987766	4.718582518250688e-8
0.004900000058114529	4.4232445872139316e-8
0.004999999888241291	4.419281334015983e-8
0.005100000184029341	4.2255138000690644e-8
0.005200000014156103	4.17015954453651e-8
0.0052999998442828655	4.181948345911367e-8
0.005400000140070915	4.024220413827221e-8
0.005499999970197678	3.9556155488629114e-8
0.00559999980032444	3.935390952449164e-8
0.00570000009611249	3.7804475082332795e-8
0.005799999926239252	3.739235374147902e-8
0.005900000222027302	3.5807601694918457e-8
0.006000000052154064	3.6222717955793465e-8
0.006099999882280827	3.49626132580457e-8
0.006200000178068876	3.479463646832736e-8
0.006300000008195639	3.350803124398226e-8
0.006399999838322401	3.344436918520859e-8
0.006500000134110451	3.2390900790723676e-8
0.006599999964237213	3.2413028098063105e-8
0.0066999997943639755	3.135993314367476e-8
0.006800000090152025	3.124270179631545e-8
0.006899999920278788	3.014729147451807e-8
0.007000000216066837	3.036138345299372e-8
0.0071000000461936	2.89400592366303e-8
0.007199999876320362	2.9691866870432877e-8
0.007300000172108412	2.803285260327552e-8
0.007400000002235174	2.880463399296318e-8
0.007499999832361937	2.7034860493441692e-8
0.007600000128149986	2.7875170407641886e-8
0.007699999958276749	2.6293008100636575e-8
0.007799999788403511	2.7123824631452642e-8
0.007899999618530273	2.5659444570521934e-8
0.00800000037997961	2.6343109456813512e-8
0.008100000210106373	2.493053819690026e-8
0.008200000040233135	2.5657384693387155e-8
0.008299999870359898	2.42362175170368e-8
0.00839999970048666	2.5030431624979235e-8
0.008500000461935997	2.358740094510296e-8
0.00860000029206276	2.44330098196012e-8
0.008700000122189522	2.2934287136070136e-8
0.008799999952316284	2.3838660704080818e-8
0.008899999782443047	2.233454573221272e-8
0.008999999612569809	2.327012955315832e-8
0.009100000374019146	2.1905531652396916e-8
0.009200000204145908	2.2672895106220853e-8
0.00930000003427267	2.143422438812101e-8
0.009399999864399433	2.2149887233369882e-8
0.009499999694526196	2.095615042551465e-8
0.009600000455975533	2.1647760666772235e-8
0.009700000286102295	2.0472098172858207e-8
0.009800000116229057	2.1200498322564782e-8
0.00989999994635582	2.007298174297682e-8
0.009999999776482582	2.073545145980874e-8
0.010099999606609344	1.9687806982732944e-8
0.010200000368058681	2.0313837882662822e-8
0.010300000198185444	1.9262923740567722e-8
0.010400000028312206	1.9913478991572116e-8
0.010499999858438969	1.883907552354147e-8
0.010599999688565731	1.9532153354353826e-8
0.010700000450015068	1.8488605298824357e-8
0.01080000028014183	1.919569455023949e-8
0.010900000110268593	1.8147520938322625e-8
0.010999999940395355	1.8845666029375256e-8
0.011099999770522118	1.782510350791794e-8
0.01119999960064888	1.8486493780269065e-8
0.011300000362098217	1.7485579436674098e-8
0.01140000019222498	1.8163691442357097e-8
0.011500000022351742	1.7184315964445195e-8
0.011599999852478504	1.7841358569639685e-8
0.011699999682605267	1.6880279375782752e-8
0.011800000444054604	1.7536886075275808e-8
0.011900000274181366	1.6591151962612166e-8
0.012000000104308128	1.725934373517938e-8
0.01209999993443489	1.6312059319822905e-8
0.012199999764561653	1.6973901154260478e-8
0.012299999594688416	1.6045403245364638e-8
0.012400000356137753	1.670477618692226e-8
0.012500000186264515	1.5791679606467153e-8
0.012600000016391277	1.6441192087186266e-8
0.01269999984651804	1.555935443745102e-8
0.012799999676644802	1.6186808843417946e-8
0.012900000438094139	1.5316694145174207e-8
0.013000000268220901	1.5942391688310706e-8
0.013100000098347664	1.507869401950334e-8
0.013199999928474426	1.5700485216343366e-8
0.013299999758601189	1.4854085964700737e-8
0.013399999588727951	1.547252693958867e-8
0.013500000350177288	1.4633510033093215e-8
0.01360000018030405	1.5254097990441247e-8
0.013700000010430813	1.4422757473151198e-8
0.013799999840557575	1.5040006884317653e-8
0.013899999670684338	1.4231355456317516e-8
0.014000000432133675	1.4831172968451295e-8
0.014100000262260437	1.4032235307646072e-8
0.0142000000923872	1.4626825191376577e-8
0.014299999922513962	1.3840586725461847e-8
0.014399999752640724	1.4427049771606471e-8
0.014499999582767487	1.3660435165628711e-8
0.014600000344216824	1.4235650397595684e-8
0.014700000174343586	1.3474057119099232e-8
0.014800000004470348	1.4053832169466041e-8
0.01489999983459711	1.3296124765818985e-8
0.014999999664723873	1.3875890172639103e-8
0.01510000042617321	1.31248628276904e-8
0.015200000256299973	1.3704176798176244e-8
0.015300000086426735	1.2955168322666087e-8
0.015399999916553497	1.3533608283351875e-8
0.01549999974668026	1.2796629146597578e-8
0.015599999576807022	1.3370397293139393e-8
0.015699999406933784	1.264108313618283e-8
0.015799999237060547	1.3210793120166417e-8
0.01590000092983246	1.249316311003803e-8
0.01600000075995922	1.3055538680011534e-8
0.016100000590085983	1.2346009093999585e-8
0.016200000420212746	1.2905128590956145e-8
0.016300000250339508	1.2203376657658733e-8
0.01640000008046627	1.2757808010550216e-8
0.016499999910593033	1.2064387699399593e-8
0.016599999740719795	1.2614456515098264e-8
0.016699999570846558	1.1930900267213819e-8
0.01679999940097332	1.2472856686556546e-8
0.016899999231100082	1.1802215989887263e-8
0.017000000923871994	1.2335883323565105e-8
0.017100000753998756	1.167280257693875e-8
0.01720000058412552	1.2204618145678257e-8
0.01730000041425228	1.1548934835986182e-8
0.017400000244379044	1.207557007713372e-8
0.017500000074505806	1.142791454512612e-8
0.01759999990463257	1.1948950360678599e-8
0.01769999973475933	1.131070794832863e-8
0.017799999564886093	1.1826220820139987e-8
0.017899999395012856	1.1192951017720438e-8
0.017999999225139618	1.1706292388015857e-8
0.01810000091791153	1.108103085680667e-8
0.018200000748038292	1.1588428966496754e-8
0.018300000578165054	1.0972182256513118e-8
0.018400000408291817	1.1474631533166042e-8
0.01850000023841858	1.086595647772119e-8
0.01860000006854534	1.1363109834655636e-8
0.018699999898672104	1.0761375254507066e-8
0.018799999728798866	1.1254505144172173e-8
0.01889999955892563	1.0659386868060736e-8
0.01899999938905239	1.114915927850024e-8
0.019099999219179153	1.0559252749288311e-8
0.019200000911951065	1.1045267407430055e-8
0.019300000742077827	1.0462429982713691e-8
0.01940000057220459	1.0944646808819853e-8
0.019500000402331352	1.0366260941989146e-8
0.019600000232458115	1.0845035128877147e-8
0.019700000062584877	1.0273385354469444e-8
0.01979999989271164	1.0748831643538554e-8
0.019899999722838402	1.018266277918057e-8
0.019999999552965164	1.0654312994504109e-8
0.020099999383091927	1.0093018276904549e-8
0.02019999921321869	1.0561520960830396e-8
0.0203000009059906	1.0006471098694757e-8
0.020400000736117363	1.0470924587662906e-8
0.020500000566244125	9.920706087134414e-9
0.020600000396370888	1.0382319851816975e-8
0.02070000022649765	9.837792311555392e-9
0.020800000056624413	1.029575461081823e-8
0.020899999886751175	9.755164741189816e-9
0.020999999716877937	1.0210833935983364e-8
0.0210999995470047	9.675459888417286e-9
0.021199999377131462	1.012763553045882e-8
0.021299999207258224	9.596967600290525e-9
0.021400000900030136	1.004624807262389e-8
0.0215000007301569	9.520510044080947e-9
0.02160000056028366	9.9670596327036e-9
0.021700000390410423	9.445738981913802e-9
0.021800000220537186	9.889201245157133e-9
0.021900000050663948	9.372290550009144e-9
0.02199999988079071	9.813070870737109e-9
0.022099999710917473	9.300121865749139e-9
0.022199999541044235	9.73854254308192e-9
0.022299999371170998	9.229615114895214e-9
0.02239999920129776	9.664894695545317e-9
0.02250000089406967	9.161330051838202e-9
0.022600000724196434	9.593226096882255e-9
0.022700000554323196	9.09337035761729e-9
0.02280000038444996	9.522723151243825e-9
0.02290000021457672	9.027208644024943e-9
0.023000000044703484	9.453933707169504e-9
0.023099999874830246	8.962460197771482e-9
0.02319999970495701	9.386354965989069e-9
0.02329999953508377	8.898886487942907e-9
0.023399999365210533	9.32003433874665e-9
0.023499999195337296	8.836781600142303e-9
0.023600000888109207	9.255201292978273e-9
0.02370000071823597	8.775773576651253e-9
0.023800000548362732	9.191543488092822e-9
0.023900000378489494	8.715654598675523e-9
0.024000000208616257	9.129212302941286e-9
0.02410000003874302	8.65660821320205e-9
0.02419999986886978	9.068082829283336e-9
0.024299999698996544	8.598897583799102e-9
0.024399999529123306	9.00822035288856e-9
0.02449999935925007	8.542112397273875e-9
0.02459999918937683	8.949470398478597e-9
0.024700000882148743	8.486720824289489e-9
0.024800000712275505	8.89190221410609e-9
0.024900000542402267	8.431976434157753e-9
0.02500000037252903	8.835265088364551e-9
0.025100000202655792	8.378830034416484e-9
0.025200000032782555	8.779535752993044e-9
0.025299999862909317	8.32636976892147e-9
0.02539999969303608	8.724930370427519e-9
0.025499999523162842	8.274984857429528e-9
0.025599999353289604	8.671337728891295e-9
0.025699999183416367	8.224674831950557e-9
0.025800000876188278	8.618953690827442e-9
0.02590000070631504	8.17530086146688e-9
0.026000000536441803	8.567421361749013e-9
0.026100000366568565	8.126461332943159e-9
0.026200000196695328	8.516834323154722e-9
0.02630000002682209	8.078749154664782e-9
0.026399999856948853	8.467142814911161e-9
0.026499999687075615	8.032194922195138e-9
0.026599999517202377	8.418286390177487e-9
0.02669999934732914	7.986423038665532e-9
0.026799999177455902	8.37050778705027e-9
0.026900000870227814	7.941234916514583e-9
0.027000000700354576	8.323556649520453e-9
0.02710000053048134	7.897014242134518e-9
0.0272000003606081	8.27744941622812e-9
0.027300000190734863	7.853575107441418e-9
0.027400000020861626	8.232282852155011e-9
0.027499999850988388	7.810809633862614e-9
0.02759999968111515	8.187908545039438e-9
0.027699999511241913	7.768664840239216e-9
0.027799999341368675	8.144268485967044e-9
0.027899999171495438	7.727451021158618e-9
0.02800000086426735	8.101411095099739e-9
0.02810000069439411	7.687029257046553e-9
0.028200000524520874	8.059347964595402e-9
0.028300000354647636	7.647309656517827e-9
0.0284000001847744	8.018023529838521e-9
0.02850000001490116	7.608313207004868e-9
0.028599999845027924	7.977408566901533e-9
0.028699999675154686	7.569898961196453e-9
0.02879999950528145	7.937553414532974e-9
0.02889999933540821	7.532250145859556e-9
0.028999999165534973	7.898293376041895e-9
0.029100000858306885	7.49530460934713e-9
0.029200000688433647	7.85981785508119e-9
0.02930000051856041	7.45898601183671e-9
0.029400000348687172	7.822000507048833e-9
0.029500000178813934	7.423443107472354e-9
0.029600000008940697	7.784899235970787e-9
0.02969999983906746	7.388405432174699e-9
0.02979999966919422	7.748497579115623e-9
0.029899999499320984	7.354180855245193e-9
0.029999999329447746	7.712697582908224e-9
0.03009999915957451	7.320374591429541e-9
0.03020000085234642	7.677495193252685e-9
0.030300000682473183	7.2871104443537344e-9
0.030400000512599945	7.642956298909545e-9
0.030500000342726707	7.254636610260369e-9
0.03060000017285347	7.608991357140809e-9
0.030700000002980232	7.222649579505731e-9
0.030799999833106995	7.575733995280543e-9
0.030899999663233757	7.191236700493133e-9
0.03099999949336052	7.543023197765063e-9
0.031099999323487282	7.160310483942092e-9
0.031199999153614044	7.510797421251208e-9
0.031300000846385956	7.129995352957962e-9
0.03139999881386757	7.479234762364499e-9
0.03150000050663948	7.100189161567017e-9
0.031599998474121094	7.448197243331256e-9
0.031700000166893005	7.070925635873471e-9
0.03180000185966492	7.417757819092079e-9
0.03189999982714653	7.0421661206233285e-9
0.03200000151991844	7.387822905694737e-9
0.032099999487400055	7.013905141763084e-9
0.03220000118017197	7.358460075673094e-9
0.03229999914765358	6.986181959453141e-9
0.03240000084042549	7.329535767061496e-9
0.032499998807907104	6.95892517590213e-9
0.032600000500679016	7.301219385217542e-9
0.03269999846816063	6.932173771245554e-9
0.03280000016093254	7.273364779011398e-9
0.03290000185370445	6.905941817173468e-9
0.032999999821186066	7.246020281465538e-9
0.03310000151395798	6.880108975520074e-9
0.03319999948143959	7.2191920356010735e-9
0.0333000011742115	6.8547846720658775e-9
0.033399999141693115	7.192833827263921e-9
0.03350000083446503	6.829921910195685e-9
0.03359999880194664	7.166937904414938e-9
0.03370000049471855	6.805484002845174e-9
0.033799998462200165	7.14147802794977e-9
0.033900000154972076	6.781517042462288e-9
0.03400000184774399	7.1165010927722355e-9
0.0340999998152256	6.7579419917030035e-9
0.03420000150799751	7.091987852738321e-9
0.034299999475479126	6.734809135053594e-9
0.03440000116825104	7.0679225820222205e-9
0.03449999913573265	6.712118449828323e-9
0.03460000082850456	7.044343981850653e-9
0.034699998795986176	6.68985211358264e-9
0.03480000048875809	7.021127304235499e-9
0.0348999984562397	6.6679589524927186e-9
0.03500000014901161	6.998370098169275e-9
0.035100001841783524	6.6465047793267e-9
0.03519999980926514	6.976017624229015e-9
0.03530000150203705	6.62542917692074e-9
0.03539999946951866	6.954098638319213e-9
0.03550000116229057	6.604782982358315e-9
0.035599999129772186	6.932578289499888e-9
0.0357000008225441	6.58456360389726e-9
0.03579999879002571	6.911469386001695e-9
0.03590000048279762	6.564724039440591e-9
0.035999998450279236	6.890778821031743e-9
0.03610000014305115	6.545201074242889e-9
0.03620000183582306	6.870475931295058e-9
0.03629999980330467	6.526075931362006e-9
0.036400001496076584	6.850566993436638e-9
0.0364999994635582	6.507321974674761e-9
0.03660000115633011	6.831035781623368e-9
0.03669999912381172	6.488908003094302e-9
0.03680000081658363	6.811899920860424e-9
0.03689999878406525	6.4708529836701e-9
0.03700000047683716	6.793134284792702e-9
0.03709999844431877	6.453167214149658e-9
0.03720000013709068	6.77472708051837e-9
0.037300001829862595	6.435820310440538e-9
0.03739999979734421	6.756696543914818e-9
0.03750000149011612	6.418829697286716e-9
0.03759999945759773	6.739035563472132e-9
0.037700001150369644	6.402194470645077e-9
0.03779999911785126	6.721728458844841e-9
0.03790000081062317	6.385902087981142e-9
0.03799999877810478	6.704777205436568e-9
0.038100000470876694	6.369929071572201e-9
0.03819999843835831	6.6881812893595076e-9
0.03830000013113022	6.354313066277864e-9
0.03840000182390213	6.671930884129861e-9
0.03849999979138374	6.33900573493066e-9
0.038600001484155655	6.65602273741657e-9
0.03869999945163727	6.32400509739184e-9
0.03880000114440918	6.640450722081837e-9
0.03889999911189079	6.309355317621972e-9
0.039000000804662704	6.6252182856908e-9
0.03909999877214432	6.295010774160294e-9
0.03920000046491623	6.610302695721145e-9
0.03929999843239784	6.281002112231093e-9
0.039400000125169754	6.595728754723381e-9
0.039500001817941666	6.2672745610662735e-9
0.03959999978542328	6.581469057151813e-9
0.03970000147819519	6.253869796505756e-9
0.039799999445676804	6.567542980007618e-9
0.039900001138448715	6.240776859942127e-9
0.03999999910593033	6.553941875497355e-9
0.04010000079870224	6.227989480559522e-9
0.04019999876618385	6.540641327608271e-9
0.040300000458955765	6.215485267283386e-9
0.04039999842643738	6.527651739050302e-9
0.04050000011920929	6.2032831374622624e-9
0.0406000018119812	6.5149796434699485e-9
0.040699999779462814	6.1913560394394265e-9
0.040800001472234726	6.502602593993492e-9
0.04089999943971634	6.179724074232938e-9
0.04100000113248825	6.490542235112653e-9
0.041099999099969864	6.168374283232737e-9
0.041200000792741776	6.4787876215671916e-9
0.04129999876022339	6.157330038787126e-9
0.0414000004529953	6.46733044512548e-9
0.04149999842047691	6.146554366299077e-9
0.041600000113248825	6.456161557318587e-9
0.04170000180602074	6.136066980058242e-9
0.04179999977350235	6.445284147025708e-9
0.04190000146627426	6.125866689722791e-9
0.041999999433755875	6.434708326765555e-9
0.042100001126527786	6.1159280348268906e-9
0.0421999990940094	6.42441884676026e-9
0.04230000078678131	6.106271311840131e-9
0.042399998754262924	6.414415665905177e-9
0.042500000447034836	6.096888716936273e-9
0.04259999841451645	6.404702144774995e-9
0.04270000010728836	6.087765936642931e-9
0.04280000180006027	6.395264185684074e-9
0.042899999767541885	6.078917871245255e-9
0.0430000014603138	6.386103172204834e-9
0.04309999942779541	6.070345966003509e-9
0.04320000112056732	6.3772207306544845e-9
0.043299999088048935	6.062036138579528e-9
0.04340000078082085	6.368623072156311e-9
0.04349999874830246	6.0539773499282696e-9
0.04360000044107437	6.3602976808817634e-9
0.043699998408555984	6.04618594682922e-9
0.043800000101327896	6.352247994770045e-9
0.04390000179409981	6.038666721141461e-9
0.04399999976158142	6.34446837815083e-9
0.04410000145435333	6.03139083552749e-9
0.044199999421834946	6.336957231809092e-9
0.04430000111460686	6.024365906160656e-9
0.04439999908208847	6.3297220565992306e-9
0.04450000077486038	6.0176006049487716e-9
0.044599998742341995	6.322749732501489e-9
0.04470000043511391	6.011091107643601e-9
0.04479999840259552	6.316044607728068e-9
0.04490000009536743	6.004833846258909e-9
0.04500000178813934	6.309602492577481e-9
0.045099999755620956	5.998824366159867e-9
0.04520000144839287	6.303420436573974e-9
0.04529999941587448	5.9930661236096205e-9
0.04540000110864639	6.297503149882761e-9
0.045499999076128006	5.987559396449807e-9
0.04560000076889992	6.2918511610283515e-9
0.04569999873638153	5.982293229946782e-9
0.04580000042915344	6.2864543678358835e-9
0.045899998396635056	5.9772825212351386e-9
0.04600000008940697	6.281312145587696e-9
0.04610000178217888	5.9725270382599485e-9
0.04619999974966049	6.276430040103958e-9
0.046300001442432404	5.968004330951288e-9
0.04639999940991402	6.271802183163445e-9
0.04650000110268593	5.9637255663136195e-9
0.04659999907016754	6.2674299688299805e-9
0.04670000076293945	5.9596846895848205e-9
0.046799998730421066	6.263313740349939e-9
0.04690000042319298	5.955887556792525e-9
0.04699999839067459	6.259448613901906e-9
0.0471000000834465	5.952326355295626e-9
0.047200001776218414	6.255836629384039e-9
0.04729999974370003	5.949014665269214e-9
0.04740000143647194	6.252481063078435e-9
0.04749999940395355	5.945940751917318e-9
0.047600001096725464	6.249373528042158e-9
0.04769999906420708	5.9431076119820505e-9
0.04780000075697899	6.246518994761912e-9
0.0478999987244606	5.940508597214221e-9
0.04800000041723251	6.2439138299531705e-9
0.04809999838471413	5.938152544110264e-9
0.04820000007748604	6.241559749895909e-9
0.04830000177025795	5.9360274662171256e-9
0.04839999973773956	6.239456680317743e-9
0.048500001430511475	5.93414432304976e-9
0.04859999939799309	6.2375989741764955e-9
0.048700001090765	5.93249528754443e-9
0.04879999905824661	6.2359941343244586e-9
0.048900000751018524	5.931075068843409e-9
0.04899999871850014	6.2346335180167745e-9
0.04910000041127205	5.929899492982516e-9
0.04919999837875366	6.233519214428949e-9
0.049300000071525574	5.928958724577246e-9
0.049400001764297485	6.2326520296841234e-9
0.0494999997317791	5.928251763270668e-9
0.04960000142455101	6.232031951876696e-9
0.04969999939203262	5.927780831958123e-9
0.049800001084804535	6.231662691988442e-9
0.04989999905228615	5.9275440956266105e-9
