0.0	4.797276246673359e-7
1.6666666851961054e-5	4.358943341850622e-7
2.499999936844688e-5	3.525234454634646e-7
3.333333370392211e-5	1.8419342066832565e-7
4.999999873689376e-5	2.771432754692508e-7
6.666666740784422e-5	1.4745574442850755e-7
7.500000356230885e-5	3.475323730129523e-7
8.333333244081587e-5	3.8242178517578196e-7
9.999999747378752e-5	3.415449837935441e-7
0.00011666666978271678	5.6941738919588225e-8
0.0001250000059371814	2.1299828225713414e-7
0.00013333333481568843	1.583544213469968e-7
0.0001500000071246177	5.780400637478211e-7
0.00016666666488163173	4.811760734937245e-7
0.00017499999376013875	5.056441097844239e-7
0.000183333337190561	3.7169405110122223e-7
0.00019999999494757503	3.7733328785353537e-7
0.0002166666672565043	1.7966099057182337e-7
0.00022499999613501132	2.058210039595965e-7
0.00023333333956543356	3.567234265401724e-7
0.0002500000118743628	4.3316815380282866e-7
0.00026666666963137686	4.5085427149776937e-7
0.0002749999985098839	4.028701649574132e-7
0.0002833333273883909	3.9998915083164073e-7
0.0003000000142492354	4.6331815572070193e-7
0.00031666667200624943	2.6855670697233583e-7
0.00032500000088475645	2.5617047487843095e-7
0.00033333332976326346	4.0368230251425113e-7
0.0003499999875202775	5.790087204947892e-7
0.000366666674381122	2.626963397037473e-7
0.000375000003259629	2.949850917065626e-7
0.00038333333213813603	4.962456070862271e-7
0.00039999998989515007	6.565448819682034e-7
0.00041666667675599456	5.802471934302369e-7
0.0004250000056345016	2.309175439279234e-7
0.0004333333345130086	3.7345656465848557e-7
0.00044999999227002263	2.807057702262949e-7
0.0004666666791308671	4.3298440785579535e-7
0.00047500000800937414	3.1544518298131e-7
0.00048333333688788116	4.2001201663028994e-7
0.0005000000237487257	3.630178362550229e-7
0.0005166666815057397	4.460560374375228e-7
0.0005249999812804163	3.446585739371288e-7
0.0005333333392627537	3.331749987188679e-7
0.0005499999970197678	3.4790149817517713e-7
0.0005666666547767818	2.480055509380201e-7
0.0005750000127591193	1.5801437789618245e-7
0.0005833333125337958	1.5242234527266543e-7
0.0006000000284984708	4.488622830297728e-7
0.0006166666862554848	5.00687736502352e-7
0.0006249999860301614	3.1719826402076566e-7
0.0006333333440124989	3.726713540463222e-7
0.0006500000017695129	2.6767151335477927e-7
0.0006666666595265269	3.567317301201237e-7
0.0006750000175088644	2.425837885874271e-7
0.000683333317283541	5.248493079102265e-7
0.000699999975040555	4.7244509654559676e-7
0.00071666669100523	3.1990428636124783e-7
0.0007249999907799065	1.9371296904038772e-7
0.000733333348762244	3.7187843852798207e-7
0.000750000006519258	2.6288482518053053e-7
0.0007666666642762721	2.8210192050101416e-7
0.0007750000222586095	1.7821841606462704e-7
0.0007833333220332861	2.6462698055402875e-7
0.0007999999797903001	2.287457013414722e-7
0.0008166666957549751	3.09971443299008e-7
0.0008249999955296516	1.75613550140689e-7
0.0008333333535119891	2.8984733708140187e-7
0.0008500000112690032	2.2903221697213474e-7
0.0008666666690260172	1.4471999872953665e-7
0.0008750000270083547	2.2931517561167104e-7
0.0008833333267830312	1.2272470535525554e-7
0.0008999999845400453	2.1553908790829337e-7
0.0009166666422970593	2.2089174482720368e-7
0.0009250000002793968	2.6225444123230797e-7
0.0009333333582617342	1.3266085031640517e-7
0.0009500000160187483	2.2923151479569807e-7
0.0009666666737757623	2.305199026910944e-7
0.0009749999735504389	2.4324539309524084e-7
0.0009833333315327764	2.2427770154936785e-7
0.0010000000474974513	2.0601899601665968e-7
0.0010166666470468044	1.7546389289849535e-7
0.001025000005029142	2.3751595202169117e-7
0.0010333333630114794	1.5833027739209207e-7
0.0010499999625608325	1.9654675202143906e-7
0.0010666666785255075	2.2741059790029143e-7
0.001075000036507845	2.2810572168313407e-7
0.0010833332780748606	2.3429442048064091e-7
0.0010999999940395355	2.0154594869699005e-7
0.0011166667100042105	1.6144922172927963e-7
0.0011249999515712261	2.1818911454688752e-7
0.0011333333095535636	2.25971382789967e-7
0.0011500000255182385	2.1734974513122494e-7
0.0011666666250675917	1.3179292274559686e-7
0.0011749999830499291	2.189219348198035e-7
0.0011833333410322666	1.7283765892739984e-7
0.0012000000569969416	1.8988007712643223e-7
0.0012166666565462947	1.1792805319394492e-7
0.0012250000145286322	1.4772111632010217e-7
0.0012333333725109696	1.1131326558308425e-7
0.0012499999720603228	1.7519041285620775e-7
0.0012666666880249977	1.2242359454111863e-7
0.0012750000460073352	1.6648955652543538e-7
0.0012833332875743508	1.2875632898282712e-7
0.0013000000035390258	1.4929172003969588e-7
0.0013166667195037007	1.5445417441657632e-7
0.0013249999610707164	1.9446666077490608e-7
0.0013333333190530539	1.5118362748459928e-7
0.0013500000350177288	1.3823335212801502e-7
0.001366666634567082	1.3491688072340246e-7
0.0013749999925494194	1.4320491792159642e-7
0.0013833333505317569	1.2967193163639368e-7
0.00139999995008111	1.5251560564130522e-7
0.001416666666045785	1.082854670728837e-7
0.0014250000240281224	1.1715560185672565e-7
0.00143333338201046	1.204118992112854e-7
0.001449999981559813	1.0161333108930405e-7
0.001466666697524488	1.5173442889678612e-7
0.0014750000555068254	1.2224413172362622e-7
0.001483333297073841	1.2236115152172456e-7
0.001500000013038516	1.294500660587282e-7
0.0015166666125878692	1.550758859731232e-7
0.0015249999705702066	1.0061032958765897e-7
0.0015333333285525441	1.2434071365908892e-7
0.001550000044517219	8.293803475646259e-8
0.0015666666440665722	5.896154185294643e-8
0.0015750000020489097	8.91034277660887e-8
0.0015833333600312471	6.899076131956629e-8
0.0015999999595806003	1.2549661058787611e-7
0.0016166666755452752	6.113047029916991e-8
0.0016250000335276127	8.439786377225805e-8
0.0016333333915099502	3.154379241743119e-8
0.0016499999910593033	1.0283147945433895e-7
0.0016666667070239782	1.19197625019957e-7
0.0016749999485909939	1.0174263714808863e-7
0.0016833333065733314	8.873017836602885e-8
0.0017000000225380063	1.2308707912235512e-7
0.0017166666220873594	5.8266636305466343e-8
0.001724999980069697	7.44795445838277e-8
0.0017333333380520344	6.269652884169545e-8
0.0017500000540167093	7.299406760382406e-8
0.0017666666535660625	5.259845586507332e-8
0.0017750000115484	8.210918249081919e-8
0.0017833333695307374	7.576400731727198e-8
0.0017999999690800905	1.2128203079044232e-7
0.0018166666850447655	8.302269520109832e-8
0.001825000043027103	1.0737896665482002e-7
0.0018333332845941186	7.313151821347766e-8
0.0018500000005587935	1.0542196340434353e-7
0.0018666667165234685	7.656167173514648e-8
0.0018749999580904841	6.892853528891413e-8
0.0018833333160728216	5.573308371892115e-8
0.0019000000320374966	1.2574513535824926e-7
0.0019166666315868497	6.386933889887055e-8
0.0019249999895691872	1.2396253172041788e-7
0.0019333333475515246	6.083626747655309e-8
0.0019499999471008778	1.0266107791554281e-7
0.0019666666630655527	5.1992450837862146e-8
0.0019749999046325684	8.691658617557616e-8
0.0019833333790302277	5.960622564922182e-8
0.0020000000949949026	1.0264811512485428e-7
0.002016666578128934	7.528161348245543e-8
0.002025000052526593	1.0075877131167513e-7
0.002033333294093609	8.286077845881815e-8
0.002050000010058284	9.17877640311933e-8
0.0020666667260229588	5.5245660174469366e-8
0.0020749999675899744	8.001291563344451e-8
0.0020833334419876337	6.958029214939723e-8
0.002099999925121665	9.52957654116546e-8
0.00211666664108634	6.305255226757755e-8
0.0021250001154839993	9.194068528872995e-8
0.002133333357051015	5.729992255328816e-8
0.00215000007301569	9.534324017215145e-8
0.002166666556149721	6.395739827110082e-8
0.0021750000305473804	9.747869712096481e-8
0.002183333272114396	6.996823857198409e-8
0.002199999988079071	1.0406419332085714e-7
0.002216666704043746	5.932980041039579e-8
0.0022249999456107616	1.1768257299467285e-7
0.002233333420008421	4.659049375565008e-8
0.0022499999031424522	1.0148803743841474e-7
0.002266666619107127	6.910731065360897e-8
0.0022750000935047865	1.0446611391915507e-7
0.002283333335071802	7.124414498208543e-8
0.002300000051036477	9.580576644706157e-8
0.002316666767001152	6.169424417781565e-8
0.0023250000085681677	1.0649400442905075e-7
0.0023333332501351833	8.681499945829809e-8
0.0023499999660998583	9.959948932917498e-8
0.0023666666820645332	5.9333880230450416e-8
0.002374999923631549	8.181290023035207e-8
0.002383333398029208	6.52420491540052e-8
0.002400000113993883	9.338975927897148e-8
0.0024166665971279144	5.7677315144589535e-8
0.0024250000715255737	8.214332254267038e-8
0.0024333333130925894	6.576307390649564e-8
0.0024500000290572643	9.231359676462651e-8
0.0024666667450219393	7.249299376856775e-8
0.002474999986588955	9.580724932588788e-8
0.0024833332281559706	7.027451636951811e-8
0.0024999999441206455	9.269570575284916e-8
0.0025166666600853205	7.5835649779713e-8
0.002524999901652336	9.23338875174134e-8
0.0025333333760499954	6.890391486651454e-8
0.0025500000920146704	9.577769427677223e-8
0.0025666665751487017	5.170540393228863e-8
0.002575000049546361	8.442780779895089e-8
0.0025833332911133766	7.959462457664726e-8
0.0026000000070780516	8.205844967107529e-8
0.0026166667230427265	5.958922596636719e-8
0.002624999964609742	8.022153612351499e-8
0.0026333334390074015	5.711782967225573e-8
0.0026499999221414328	8.43045792857817e-8
0.0026666666381061077	7.629269955953572e-8
0.002675000112503767	7.312878920393077e-8
0.0026833333540707827	6.004362517567655e-8
0.0027000000700354576	7.21974494347419e-8
0.002716666553169489	7.70540234868021e-8
0.002725000027567148	8.367395019588885e-8
0.002733333269134164	6.7402373611437e-8
0.002749999985098839	8.603823703780444e-8
0.0027666667010635138	6.752383364263395e-8
0.0027749999426305294	8.196707991450394e-8
0.0027833334170281887	7.219268659841198e-8
0.00279999990016222	8.087848606827632e-8
0.002816666616126895	7.973652932716128e-8
0.0028250000905245543	8.609557950478048e-8
0.00283333333209157	7.069949800328246e-8
0.002850000048056245	8.325543149630895e-8
0.00286666676402092	7.580168709670572e-8
0.0028750000055879354	8.795429692627597e-8
0.002883333247154951	6.488295924641844e-8
0.002899999963119626	9.447394797431433e-8
0.002916666679084301	6.735869037206417e-8
0.0029249999206513166	1.0114516550427732e-7
0.002933333395048976	5.971881922051073e-8
0.002950000111013651	9.689472323525059e-8
0.002966666594147682	5.968414813086144e-8
0.0029750000685453415	8.483839725958127e-8
0.002983333310112357	5.281027180245346e-8
0.003000000026077032	9.386720481534857e-8
0.003016666742041707	4.7521487545768215e-8
0.0030249999836087227	8.861310117324468e-8
0.0030333332251757383	5.6605011278300255e-8
0.0030499999411404133	9.079550652521281e-8
0.0030666666571050882	4.616250947554922e-8
0.003074999898672104	8.674420081626752e-8
0.003083333373069763	5.753557053970579e-8
0.003100000089034438	8.762123146532339e-8
0.0031166665721684694	4.073936171918703e-8
0.0031250000465661287	7.404098234434508e-8
0.0031333332881331444	4.6152838152327935e-8
0.0031500000040978193	7.666758413744165e-8
0.0031666667200624943	4.448441141128846e-8
0.00317499996162951	7.189410290072206e-8
0.0031833334360271692	5.288969999397725e-8
0.0031999999191612005	7.674324151525646e-8
0.0032166666351258755	4.3056753224009116e-8
0.0032250001095235348	8.36835619111446e-8
0.0032333333510905504	4.907534813706734e-8
0.0032500000670552254	9.134816807893025e-8
0.0032666667830199003	4.6106222950141455e-8
0.003275000024586916	8.3204030175006e-8
0.0032833332661539316	4.6999021497150966e-8
0.0032999999821186066	8.44707506899933e-8
0.0033166666980832815	4.655013836526062e-8
0.003324999939650297	8.697071557556855e-8
0.0033333334140479565	5.9199250181539754e-8
0.0033499998971819878	8.457299055154524e-8
0.0033666666131466627	5.411322227546389e-8
0.003375000087544322	8.367718472051555e-8
0.0033833333291113377	5.589997092182645e-8
0.0034000000450760126	7.711673325341132e-8
0.0034166667610406876	5.294995589215931e-8
0.003425000002607703	7.825086014339623e-8
0.003433333244174719	6.174003610558728e-8
0.003449999960139394	8.300344416347091e-8
0.0034666666761040688	5.861832872357938e-8
0.0034749999176710844	8.029795792388103e-8
0.0034833333920687437	4.447096089184879e-8
0.0035000001080334187	7.590132115647173e-8
0.00351666659116745	4.7612342321206063e-8
0.0035250000655651093	7.569665591482241e-8
0.003533333307132125	4.9084225659267845e-8
0.0035500000230968	7.386990003761262e-8
0.003566666739061475	4.396098300739652e-8
0.0035749999806284904	7.827311611507095e-8
0.003583333222195506	4.357198665315737e-8
0.003599999938160181	7.365815834871821e-8
0.003616666654124856	5.460014523306134e-8
0.0036249998956918716	7.609417923136722e-8
0.003633333370089531	4.813424632032768e-8
0.003650000086054206	7.149152468781032e-8
0.003666666569188237	5.4726088690668585e-8
0.0036750000435858965	7.13815472754915e-8
0.003683333285152912	5.0456910630559454e-8
0.003700000001117587	6.85204836044889e-8
0.003716666717082262	4.586881851379858e-8
0.0037249999586492777	7.068238874163596e-8
0.003733333433046937	4.920040930172052e-8
0.0037499999161809683	6.45699966938678e-8
0.0037666666321456432	4.933059107598608e-8
0.0037750001065433025	7.024694590254163e-8
0.003783333348110318	4.505985813640545e-8
0.003800000064074993	6.987201072320736e-8
0.003816666780039668	4.519067652290362e-8
0.0038250000216066837	6.83917381409204e-8
0.0038333332631736994	4.472373053671912e-8
0.0038499999791383743	6.822988135616702e-8
0.0038666666951030493	4.2873263990838115e-8
0.003874999936670065	6.63148229985863e-8
0.0038833334110677242	3.801338633800745e-8
0.0038999998942017555	6.638265341899752e-8
0.003916666842997074	3.847279732237365e-8
0.003924999851733446	6.711874568269754e-8
0.003933333326131105	4.063834411698072e-8
0.003949999809265137	6.70133664968359e-8
0.003966666758060455	4.2539810506712025e-8
0.003975000232458115	6.509388441045667e-8
0.003983333241194487	3.917899990924192e-8
0.004000000189989805	6.511454475280269e-8
0.0040166666731238365	4.6052175631142434e-8
0.004025000147521496	6.760716110136873e-8
0.004033333156257868	4.514894242870323e-8
0.004050000105053186	6.763881587216901e-8
0.004066666588187218	4.346342813464394e-8
0.004075000062584877	6.597031084247501e-8
0.004083333536982536	4.5626498896971595e-8
0.004100000020116568	6.490675794622197e-8
0.004116666503250599	4.161988913438357e-8
0.004124999977648258	6.237790078183392e-8
0.0041333334520459175	4.205603313625105e-8
0.004149999935179949	5.947744422715974e-8
0.004166666883975267	4.236664602923008e-8
0.004174999892711639	6.256912013325638e-8
0.004183333367109299	4.294507173702756e-8
0.00419999985024333	6.163683080821428e-8
0.004216666799038649	4.305364160179943e-8
0.004224999807775021	5.800200244167377e-8
0.00423333328217268	4.0500991344423164e-8
0.0042500002309679985	6.157955561788389e-8
0.00426666671410203	3.761204746183429e-8
0.004275000188499689	6.029321371799109e-8
0.004283333197236061	3.6756137424158375e-8
0.00430000014603138	5.9345691759262717e-8
0.004316666629165411	3.776786394827456e-8
0.00432500010356307	6.016909864617188e-8
0.004333333112299442	4.517148474105777e-8
0.004350000061094761	5.977940318760673e-8
0.004366666544228792	3.926310850899084e-8
0.0043750000186264515	5.5971222528136534e-8
0.004383333493024111	3.790778723289478e-8
0.004399999976158142	5.686282021859606e-8
0.004416666459292173	4.070407693876828e-8
0.004424999933689833	6.197222281468165e-8
0.004433333408087492	3.3478946144281184e-8
0.004449999891221523	6.109889521850345e-8
0.004466666840016842	3.453518524707067e-8
0.004474999848753214	6.111270752931299e-8
0.004483333323150873	3.3825745888530735e-8
0.0044999998062849045	6.106603400677101e-8
0.004516666755080223	3.577537038324417e-8
0.004525000229477882	6.115754160452961e-8
0.004533333238214254	3.339054046254855e-8
0.004550000187009573	5.9611246286092e-8
0.004566666670143604	3.251537580961947e-8
0.004575000144541264	5.7351661991834484e-8
0.004583333153277636	3.0507496927976464e-8
0.004600000102072954	5.5676403010608414e-8
0.0046166665852069855	3.235336672090332e-8
0.004625000059604645	5.4537946949902046e-8
0.004633333534002304	3.527771612367418e-8
0.004650000017136335	5.4359444627054064e-8
0.004666666500270367	4.1593803167066994e-8
0.004674999974668026	5.60036537051391e-8
0.004683333449065685	3.504575034012531e-8
0.004699999932199717	5.452648632920867e-8
0.004716666880995035	3.2661080032533215e-8
0.004724999889731407	5.576174616352075e-8
0.0047333333641290665	3.359980501783772e-8
0.004749999847263098	5.540962144825038e-8
0.004766666796058416	3.342803570022384e-8
0.004774999804794788	5.4720309493698446e-8
0.004783333279192448	3.565354069065972e-8
0.004800000227987766	5.4487479473497976e-8
0.0048166667111217976	3.294845512264189e-8
0.004825000185519457	5.223858230924615e-8
0.004833333194255829	3.412614802086293e-8
0.0048500001430511475	5.112249048690549e-8
0.004866666626185179	3.2467552160799014e-8
0.004875000100582838	5.353182922518906e-8
0.00488333310931921	3.352491033081674e-8
0.004900000058114529	5.265626081814675e-8
0.00491666654124856	3.01495041165874e-8
0.004925000015646219	5.261118918794576e-8
0.0049333334900438786	3.184249350598651e-8
0.00494999997317791	5.397415518267001e-8
0.004966666456311941	3.326322774039249e-8
0.0049749999307096004	5.142225858934242e-8
0.00498333340510726	3.2878349201832745e-8
0.004999999888241291	5.174880840118038e-8
0.005024999845772982	5.380417791436383e-8
0.005049999803304672	5.38869935441406e-8
0.00507500022649765	5.320697790410494e-8
0.005100000184029341	5.1579065014281656e-8
0.005125000141561031	5.2563383646015954e-8
0.005150000099092722	5.005270564367678e-8
0.0051750000566244125	5.014760465321347e-8
0.005200000014156103	4.982227777976284e-8
0.005224999971687794	4.9798617791844094e-8
0.005249999929219484	4.9483268776695166e-8
0.005274999886751175	4.87635992662995e-8
0.0052999998442828655	4.965753686946964e-8
0.005324999801814556	4.861350261664648e-8
0.005333333276212215	3.6137081370709347e-8
0.005350000225007534	4.833175574530791e-8
0.005375000182539225	4.740267369635711e-8
0.005400000140070915	4.6266748343418853e-8
0.005425000097602606	4.7073514509834034e-8
0.005450000055134296	4.596779511904044e-8
0.005475000012665987	4.6800470390545914e-8
0.005499999970197678	4.62018106991005e-8
0.005524999927729368	4.6145813790545106e-8
0.005549999885261059	4.606657889598697e-8
0.005574999842792749	4.5294020657072324e-8
0.00559999980032444	4.5246537546148656e-8
0.005625000223517418	4.5656920904294026e-8
0.0056500001810491085	4.5270323041265726e-8
0.00566666666418314	3.417204691380072e-8
0.005675000138580799	4.488055615233506e-8
0.00570000009611249	4.3924727511651986e-8
0.00572500005364418	4.347151793072292e-8
0.005750000011175871	4.394295386658074e-8
0.0057749999687075615	4.256170344484578e-8
0.005799999926239252	4.2590473255542225e-8
0.005824999883770943	4.203741010791058e-8
0.005849999841302633	4.234138977138028e-8
0.005874999798834324	4.129766320327043e-8
0.005900000222027302	4.21432646681599e-8
0.005925000179558992	4.184411435134827e-8
0.005950000137090683	4.1664885300043226e-8
0.005975000094622374	4.175528433950986e-8
0.006000000052154064	4.077967827893356e-8
0.006025000009685755	4.056225421746345e-8
0.006049999967217445	4.0445584051284586e-8
0.006074999924749136	4.0736894180609807e-8
0.006099999882280827	4.127905535699657e-8
0.006124999839812517	4.0666011670061144e-8
0.006149999797344208	4.011423538973466e-8
0.006175000220537186	4.0882292404091946e-8
0.006200000178068876	4.0582070959542e-8
0.006225000135600567	3.945543064885941e-8
0.006300000008195639	2.917738546343582e-8
0.0063333334401249886	3.022710021634245e-8
0.006399999838322401	3.048026138630188e-8
0.006500000134110451	2.8134145734645703e-8
0.006599999964237213	2.9392804471117903e-8
0.006666666828095913	2.8529173299831306e-8
0.0066999997943639755	2.7084554395380088e-8
0.006800000090152025	2.85575651850691e-8
0.006899999920278788	2.6229371120122668e-8
0.007000000216066837	2.764684656374153e-8
0.0071000000461936	2.5545818417327675e-8
0.007199999876320362	2.663436168481989e-8
0.007300000172108412	2.507572083545499e-8
0.007333333138376474	2.5500926301812438e-8
0.007400000002235174	2.5981730989292816e-8
0.007499999832361937	2.461733331382366e-8
0.007600000128149986	2.5136020199415836e-8
0.007666666526347399	2.43005336874784e-8
0.007699999958276749	2.3741735328034542e-8
0.007799999788403511	2.4428318025580786e-8
0.007899999618530273	2.34408753878757e-8
0.00800000037997961	2.3805671452221132e-8
0.008100000210106373	2.264360635496686e-8
0.008200000040233135	2.316742960776444e-8
0.008299999870359898	2.2049338087457465e-8
0.008333333767950535	2.2353955257890594e-8
0.00839999970048666	2.259323874317719e-8
0.008500000461935997	2.1479578787668592e-8
0.00860000029206276	2.1953775801497267e-8
0.008666666224598885	2.14486476494551e-8
0.008700000122189522	2.1046462198806035e-8
0.008799999952316284	2.139645800561059e-8
0.008899999782443047	2.0519462957189256e-8
0.008999999612569809	2.0852546116508858e-8
0.009100000374019146	1.9994690381266244e-8
0.009200000204145908	2.0375296918859813e-8
0.00930000003427267	1.952750717710975e-8
0.009333333000540733	1.9848929553881857e-8
0.009399999864399433	1.9936751763026974e-8
0.009499999694526196	1.904850411915455e-8
0.009600000455975533	1.947776916832893e-8
0.009666666388511658	1.9127234146521925e-8
0.009700000286102295	1.8644237502247022e-8
0.009800000116229057	1.9072301909471545e-8
0.00989999994635582	1.827826066975153e-8
0.009999999776482582	1.869419638369668e-8
0.010099999606609344	1.7895783083699022e-8
0.010200000368058681	1.835623071412587e-8
0.010300000198185444	1.7536958798266312e-8
0.010333333164453506	1.7905692353173997e-8
0.010400000028312206	1.798694283980745e-8
0.010499999858438969	1.7204850209269974e-8
0.010599999688565731	1.766107002192583e-8
0.01066666655242443	1.7335213947459206e-8
0.010700000450015068	1.6908611954393455e-8
0.01080000028014183	1.7331780288330434e-8
0.010900000110268593	1.6636560290447962e-8
0.010999999940395355	1.7013274841851616e-8
0.011099999770522118	1.6319778205304357e-8
0.01119999960064888	1.6697343685275006e-8
0.011300000362098217	1.6031880576405602e-8
0.01133333332836628	1.634655116856608e-8
0.01140000019222498	1.6401756302004984e-8
0.011500000022351742	1.575894424981611e-8
0.011599999852478504	1.6114360643318834e-8
0.011666666716337204	1.588096443965215e-8
0.011699999682605267	1.5489495619372027e-8
0.011800000444054604	1.58580667314687e-8
0.011900000274181366	1.5232766221293872e-8
0.012000000104308128	1.560180285581117e-8
0.01209999993443489	1.4995275957785398e-8
0.012199999764561653	1.533946950772151e-8
0.012299999594688416	1.475325091807332e-8
0.012333333492279053	1.5042485394447222e-8
0.012400000356137753	1.5085944076877586e-8
0.012500000186264515	1.4535170697626846e-8
0.012600000016391277	1.4853777478403504e-8
0.012666666880249977	1.4650199855841778e-8
0.01269999984651804	1.4299564941012226e-8
0.012799999676644802	1.4639088601800357e-8
0.012900000438094139	1.408044597357555e-8
0.013000000268220901	1.4415314773238207e-8
0.013100000098347664	1.3863983028202447e-8
0.013199999928474426	1.4208782942251804e-8
0.013299999758601189	1.366006257230051e-8
0.013333333656191826	1.3944094321642073e-8
0.013399999588727951	1.4004101627506444e-8
0.013500000350177288	1.346839994976442e-8
0.01360000018030405	1.380847619138225e-8
0.01366666704416275	1.3615231736456536e-8
0.013700000010430813	1.3290046213556314e-8
0.013799999840557575	1.3612571550615412e-8
0.013899999670684338	1.3107898910733049e-8
0.014000000432133675	1.3425997640634563e-8
0.014100000262260437	1.2936580390603394e-8
0.0142000000923872	1.3245575571905367e-8
0.014299999922513962	1.2756873876943615e-8
0.014333332888782024	1.3014659982635458e-8
0.014399999752640724	1.3070645989460673e-8
0.014499999582767487	1.2589215488330844e-8
0.014600000344216824	1.2899279637586217e-8
0.014666666276752949	1.2735829774438997e-8
0.014700000174343586	1.2422318574848304e-8
0.014800000004470348	1.273272973846969e-8
0.01489999983459711	1.2262606873919304e-8
0.014999999664723873	1.257542969165198e-8
0.01510000042617321	1.2114126745557906e-8
0.015200000256299973	1.2421553950980503e-8
0.015300000086426735	1.1969174794876194e-8
0.015333333052694798	1.2213844777540309e-8
0.015399999916553497	1.2267750455590191e-8
0.01549999974668026	1.1825403949744197e-8
0.015599999576807022	1.2120011263850965e-8
0.015666667371988297	1.196764675593937e-8
0.015699999406933784	1.168393419988331e-8
0.015799999237060547	1.1976524177115437e-8
0.01590000092983246	1.155151403251394e-8
0.01600000075995922	1.1836858706326143e-8
0.016100000590085983	1.1417645092825458e-8
0.016200000420212746	1.1702246714944788e-8
0.016300000250339508	1.1288489596995929e-8
0.016333334147930145	1.1512294441318168e-8
0.01640000008046627	1.1569999532345053e-8
0.016499999910593033	1.1162055476155168e-8
0.016599999740719795	1.1441778785376631e-8
0.01666666753590107	1.1298523346367862e-8
0.016699999570846558	1.1037603466935982e-8
0.01679999940097332	1.1316855263061672e-8
0.016899999231100082	1.0916596526943418e-8
0.017000000923871994	1.1193850527563962e-8
0.017100000753998756	1.0799746513881572e-8
0.01720000058412552	1.1075249402726548e-8
0.01730000041425228	1.0684255514850893e-8
0.01733333244919777	1.0896647131818179e-8
0.017400000244379044	1.0958455714713086e-8
0.017500000074505806	1.0572732925292846e-8
0.01759999990463257	1.0845222316961392e-8
0.017666665837168694	1.0708527622208633e-8
0.01769999973475933	1.0463199743983656e-8
0.017799999564886093	1.0734035247689138e-8
0.017899999395012856	1.0358700547271717e-8
0.017999999225139618	1.062597067852875e-8
0.01810000091791153	1.0254382267524285e-8
0.018200000748038292	1.0521155149605969e-8
0.018300000578165054	1.0152445985298066e-8
0.018333332613110542	1.0355862343203054e-8
0.018400000408291817	1.0418022359351468e-8
0.01850000023841858	1.0051590875824267e-8
0.01860000006854534	1.0317998266471415e-8
0.018666666001081467	1.0189747593026832e-8
0.018699999898672104	9.955655145626736e-9
0.018799999728798866	1.0219502486036801e-8
0.01889999955892563	9.86171469170954e-9
0.01899999938905239	1.0124136792808382e-8
0.019099999219179153	9.76917928491202e-9
0.019200000911951065	1.003064459333677e-8
0.019300000742077827	9.678520379551491e-9
0.019333332777023315	9.877123234821932e-9
0.01940000057220459	9.939059882938558e-9
0.019500000402331352	9.58996987092002e-9
0.019600000232458115	9.849213512489381e-9
0.01966666616499424	9.729196225950969e-9
0.019700000062584877	9.50404511309213e-9
0.01979999989271164	9.762024326751307e-9
0.019899999722838402	9.419894499003627e-9
0.019999999552965164	9.676599256781103e-9
0.02019999921321869	9.59324384178099e-9
0.02033333294093609	9.44945632670487e-9
0.020400000736117363	9.511321891824314e-9
0.020600000396370888	9.43142207709815e-9
0.020666666328907013	9.317342505270547e-9
0.020800000056624413	9.35292709088668e-9
0.020999999716877937	9.276091100705602e-9
0.021199999377131462	9.201019040561084e-9
0.02133333310484886	9.066481679224875e-9
0.021400000900030136	9.127614947434018e-9
0.02160000056028366	9.055762053901265e-9
0.021666666492819786	8.9475150285774e-9
0.021800000220537186	8.985098319015281e-9
0.02199999988079071	8.916159910577198e-9
0.022199999541044235	8.848361360845739e-9
0.022333333268761635	8.721720718764977e-9
0.02239999920129776	8.781988493982716e-9
0.022600000724196434	8.71693426827935e-9
0.02266666665673256	8.614488698272677e-9
0.02280000038444996	8.65320595464602e-9
0.023000000044703484	8.590808502736142e-9
0.02319999970495701	8.529409561858159e-9
0.023333333432674408	8.410220393398569e-9
0.023399999365210533	8.46952647741535e-9
0.023600000888109207	8.410855763006197e-9
0.023666666820645332	8.313148879860285e-9
0.023800000548362732	8.353150969863149e-9
0.024000000208616257	8.296643822512952e-9
0.02419999986886978	8.241214773868287e-9
0.02433333359658718	8.128286659646942e-9
0.024399999529123306	8.186875578171398e-9
0.02459999918937683	8.133570137115009e-9
0.024666666984558105	8.040157420508574e-9
0.024800000712275505	8.081300534900961e-9
0.02500000037252903	8.029846497052352e-9
0.025200000032782555	7.979441639586058e-9
0.025333333760499954	7.872260578281924e-9
0.02539999969303608	7.92994412910243e-9
0.025599999353289604	7.881575550514235e-9
0.02566666714847088	7.792220510466992e-9
0.025800000876188278	7.83402166623777e-9
0.026000000536441803	7.787241612618357e-9
0.026200000196695328	7.741404593036749e-9
0.026333333924412727	7.639350510727031e-9
0.026399999856948853	7.696448306142553e-9
0.026599999517202377	7.652247455888897e-9
0.02666666731238365	7.566422139250296e-9
0.026799999177455902	7.608853452012472e-9
0.027000000700354576	7.566274204605294e-9
0.0272000003606081	7.524412670493014e-9
0.0273333340883255	7.427044766411934e-9
0.027400000020861626	7.483407606627177e-9
0.02759999968111515	7.443098307039574e-9
0.027666667476296425	7.360445453111407e-9
0.027799999341368675	7.403547827815259e-9
0.02800000086426735	7.36469783155495e-9
0.028200000524520874	7.326557199495335e-9
0.028333334252238274	7.233192986206637e-9
0.0284000001847744	7.289104628582626e-9
0.028599999845027924	7.252347492262907e-9
0.02866666577756405	7.172412072109259e-9
0.02879999950528145	7.216196078736606e-9
0.028999999165534973	7.1807238737851595e-9
0.029200000688433647	7.145880013285291e-9
0.029333332553505898	7.05616816876513e-9
0.029400000348687172	7.111638961998505e-9
0.029600000008940697	7.077975610606646e-9
0.029666665941476822	7.0005720930986884e-9
0.02979999966919422	7.0449055591043635e-9
0.029999999329447746	6.946614024359299e-9
0.03033333271741867	6.894277814003478e-9
0.030666666105389595	6.843439643870786e-9
0.03099999949336052	6.794083423294367e-9
0.03133333474397659	6.746154644901019e-9
0.03166666626930237	6.699695472541437e-9
0.03200000151991844	6.654604796408389e-9
0.03233333304524422	6.6107786274471325e-9
0.03266666829586029	6.56829741811222e-9
0.032999999821186066	6.52705023403277e-9
0.03400000184774399	6.087719702044487e-9
0.03500000014901161	5.986752171236542e-9
0.035999998450279236	5.894846081397643e-9
0.03700000047683716	5.811415121384657e-9
0.03799999877810478	5.735909909608278e-9
0.039000000804662704	5.667902115341183e-9
0.03999999910593033	5.606996716718497e-9
0.04100000113248825	5.552831930385665e-9
0.041999999433755875	5.505104503960384e-9
0.0430000014603138	5.46356313231586e-9
0.04399999976158142	5.427982295655861e-9
0.04500000178813934	5.398177562098911e-9
0.04600000008940697	5.3739955525876245e-9
0.04699999839067459	5.355309788946911e-9
0.04800000041723251	5.342030789473803e-9
0.04899999871850014	5.334091438505607e-9
