0.0	1.150304083041904e-7
9.999999747378752e-5	2.065542367365064e-7
0.00019999999494757503	2.3375422311616636e-7
0.0003000000142492354	2.0336910060183154e-7
0.00039999998989515007	2.449770765832811e-7
0.0005000000237487257	2.2536280479581578e-7
0.0006000000284984708	2.3467421528086537e-7
0.000699999975040555	2.115191767493686e-7
0.0007999999797903001	2.342529374131047e-7
0.0008999999845400453	1.5748721001578478e-7
0.0010000000474974513	1.7461620353901964e-7
0.0010999999940395355	1.3973581189585013e-7
0.0012000000569969416	1.400006030530618e-7
0.0013000000035390258	1.4451444423155558e-7
0.00139999995008111	1.258392652376471e-7
0.001500000013038516	1.075348323385818e-7
0.0015999999595806003	1.2563497104906695e-7
0.0017000000225380063	1.3376485357105845e-7
0.0017999999690800905	1.2984263259469778e-7
0.0019000000320374966	1.0340515665114878e-7
0.0020000000949949026	1.0949856424642916e-7
0.002099999925121665	1.080099210050127e-7
0.002199999988079071	1.0337101701341216e-7
0.002300000051036477	9.27513943906393e-8
0.002400000113993883	8.739084152299492e-8
0.0024999999441206455	8.603503320431993e-8
0.0026000000070780516	8.11895749219862e-8
0.0027000000700354576	7.75689567722327e-8
0.00279999990016222	7.55430002036061e-8
0.002899999963119626	7.339573731361905e-8
0.003000000026077032	6.842917596326335e-8
0.003100000089034438	6.636055369567083e-8
0.0031999999191612005	6.524157915651925e-8
0.0032999999821186066	6.6634222020954e-8
0.0034000000450760126	6.296454263026994e-8
0.0035000001080334187	6.039043566391816e-8
0.003599999938160181	6.049226440293261e-8
0.003700000001117587	5.861306061641385e-8
0.003800000064074993	5.676762816303713e-8
0.0038999998942017555	5.0628662120071236e-8
0.004000000189989805	5.4404176172880436e-8
0.004100000020116568	5.047738990498858e-8
0.00419999985024333	5.10425538340472e-8
0.00430000014603138	4.856984121331686e-8
0.004399999976158142	4.9296087159988415e-8
0.0044999998062849045	4.6692325988713356e-8
0.004600000102072954	4.682087804938336e-8
0.004699999932199717	4.3664106642257095e-8
0.004800000227987766	4.408233928685108e-8
0.004900000058114529	4.076427924836284e-8
0.004999999888241291	4.161500648796792e-8
0.005100000184029341	3.912653915822832e-8
0.005200000014156103	3.969754002760495e-8
0.0052999998442828655	3.62326708231647e-8
0.005400000140070915	3.75909121218749e-8
0.005499999970197678	3.566515597928908e-8
0.00559999980032444	3.640120831022054e-8
0.00570000009611249	3.559532262593967e-8
0.005799999926239252	3.505181108160398e-8
0.005900000222027302	3.436138600060963e-8
0.006000000052154064	3.416710071324804e-8
0.006099999882280827	3.310634401916924e-8
0.006200000178068876	3.3037666223173614e-8
0.006300000008195639	3.17064410464417e-8
0.006399999838322401	3.1498349479224624e-8
0.006500000134110451	3.072110629516805e-8
0.006599999964237213	3.0377567796123183e-8
0.0066999997943639755	2.982310390230818e-8
0.006800000090152025	2.926085534377366e-8
0.006899999920278788	2.8570033072230057e-8
0.007000000216066837	2.8471613495826966e-8
0.0071000000461936	2.7957843998435895e-8
0.007199999876320362	2.775249399064342e-8
0.007300000172108412	2.710562724344468e-8
0.007400000002235174	2.6959073863084023e-8
0.007499999832361937	2.6065784851809817e-8
0.007600000128149986	2.5957520584255255e-8
0.007699999958276749	2.523387800198942e-8
0.007799999788403511	2.521466275739807e-8
0.007899999618530273	2.443622702204544e-8
0.00800000037997961	2.4644314576580942e-8
0.008100000210106373	2.3822498653770618e-8
0.008200000040233135	2.4045977979909863e-8
0.008299999870359898	2.335892109042265e-8
0.00839999970048666	2.3408484884519183e-8
0.008500000461935997	2.2800969154412584e-8
0.00860000029206276	2.2891561154807844e-8
0.008700000122189522	2.2194076921653143e-8
0.008799999952316284	2.2381146235721097e-8
0.008899999782443047	2.1577434512207326e-8
0.008999999612569809	2.1868467498049623e-8
0.009100000374019146	2.1087759495479476e-8
0.009200000204145908	2.136377140927934e-8
0.00930000003427267	2.069201446216171e-8
0.009399999864399433	2.085755699674002e-8
0.009499999694526196	2.0231329176906894e-8
0.009600000455975533	2.04204419998269e-8
0.009700000286102295	1.9792442994188797e-8
0.009800000116229057	2.0011623578641495e-8
0.00989999994635582	1.9417788792255642e-8
0.009999999776482582	1.9571958255778206e-8
0.010099999606609344	1.903523957745792e-8
0.010200000368058681	1.9170544762391582e-8
0.010300000198185444	1.8625600440281697e-8
0.010400000028312206	1.8775623650718157e-8
0.010499999858438969	1.8273837686782354e-8
0.010599999688565731	1.8419790508762503e-8
0.010700000450015068	1.79187576016627e-8
0.01080000028014183	1.8079055694132734e-8
0.010900000110268593	1.7574171797195376e-8
0.010999999940395355	1.773072279921191e-8
0.011099999770522118	1.724990935138026e-8
0.01119999960064888	1.741997572753769e-8
0.011300000362098217	1.695918413558837e-8
0.01140000019222498	1.711222473114951e-8
0.011500000022351742	1.666476417480887e-8
0.011599999852478504	1.6810011137642817e-8
0.011699999682605267	1.6403131681787027e-8
0.011800000444054604	1.6522205460913286e-8
0.011900000274181366	1.613910228844009e-8
0.012000000104308128	1.625678444965099e-8
0.01209999993443489	1.5879451165427058e-8
0.012199999764561653	1.5990121042176293e-8
0.012299999594688416	1.5612174950405934e-8
0.012400000356137753	1.5743162791432698e-8
0.012500000186264515	1.5361327797881716e-8
0.012600000016391277	1.5497556254713036e-8
0.01269999984651804	1.5108746044885617e-8
0.012799999676644802	1.525799167499874e-8
0.012900000438094139	1.4891937209335273e-8
0.013000000268220901	1.502443322087484e-8
0.013100000098347664	1.464467786218949e-8
0.013199999928474426	1.4801222499167288e-8
0.013299999758601189	1.4439409755848281e-8
0.013399999588727951	1.4592646439490206e-8
0.013500000350177288	1.422699018679744e-8
0.01360000018030405	1.4382868261153386e-8
0.013700000010430813	1.4026901206439937e-8
0.013799999840557575	1.4182247796402977e-8
0.013899999670684338	1.3833636758743024e-8
0.014000000432133675	1.3991670771708141e-8
0.014100000262260437	1.364705650122635e-8
0.0142000000923872	1.3802265333051411e-8
0.014299999922513962	1.345960025988865e-8
0.014399999752640724	1.3621591686041804e-8
0.014499999582767487	1.3278177431036487e-8
0.014600000344216824	1.3441058889281668e-8
0.014700000174343586	1.3107450450531045e-8
0.014800000004470348	1.3267251230665939e-8
0.01489999983459711	1.2938657174359794e-8
0.014999999664723873	1.3101762990144356e-8
0.01510000042617321	1.2776650827978777e-8
0.015200000256299973	1.2935517819854968e-8
0.015300000086426735	1.2618327740792625e-8
0.015399999916553497	1.2776119082937621e-8
0.01549999974668026	1.246250385420778e-8
0.015599999576807022	1.2623496705516852e-8
0.015699999406933784	1.2316113218816038e-8
0.015799999237060547	1.247075330066982e-8
0.01590000092983246	1.217013588629875e-8
0.01600000075995922	1.2325131776837472e-8
0.016100000590085983	1.2028050998732675e-8
0.016200000420212746	1.2181934309152375e-8
0.016300000250339508	1.1888375761148461e-8
0.01640000008046627	1.204393342895265e-8
0.016499999910593033	1.1755682984961781e-8
0.016599999740719795	1.1907326229379404e-8
0.016699999570846558	1.1623591229428789e-8
0.01679999940097332	1.177616151643734e-8
0.016899999231100082	1.149683329714095e-8
0.017000000923871994	1.1649678025887959e-8
0.017100000753998756	1.1374905950997472e-8
0.01720000058412552	1.1524468163994014e-8
0.01730000041425228	1.1255516515077168e-8
0.017400000244379044	1.1403003427577696e-8
0.017500000074505806	1.1138433246127915e-8
0.01759999990463257	1.1285035472308082e-8
0.01769999973475933	1.1023034426513921e-8
0.017799999564886093	1.1169478785144683e-8
0.017899999395012856	1.09113863110567e-8
0.017999999225139618	1.1057523434508702e-8
0.01810000091791153	1.0804209474937366e-8
0.018200000748038292	1.0947220173616678e-8
0.018300000578165054	1.069706219714278e-8
0.018400000408291817	1.0840482455733962e-8
0.01850000023841858	1.0594340930671673e-8
0.01860000006854534	1.0735437918999125e-8
0.018699999898672104	1.0492902702129579e-8
0.018799999728798866	1.063213542668531e-8
0.01889999955892563	1.0394998229452064e-8
0.01899999938905239	1.0531792108415282e-8
0.019099999219179153	1.0297351529180203e-8
0.019200000911951065	1.0434131939264626e-8
0.019300000742077827	1.0201975234643244e-8
0.01940000057220459	1.0338979702854206e-8
0.019500000402331352	1.0108554223145779e-8
0.019600000232458115	1.024510412526045e-8
0.019700000062584877	1.0019021644074324e-8
0.01979999989271164	1.0153626765529893e-8
0.019899999722838402	9.92978324410347e-9
0.019999999552965164	1.0064456117188494e-8
0.020099999383091927	9.843733241973994e-9
0.02019999921321869	9.977048309034579e-9
0.0203000009059906	9.758902618941722e-9
0.020400000736117363	9.891871958758527e-9
0.020500000566244125	9.675852158093438e-9
0.020600000396370888	9.807766839851012e-9
0.02070000022649765	9.595218437599339e-9
0.020800000056624413	9.72631177711441e-9
0.020899999886751175	9.516058802109093e-9
0.020999999716877937	9.646612586562587e-9
0.0210999995470047	9.438717185101859e-9
0.021199999377131462	9.568262040493413e-9
0.021299999207258224	9.3623670956649e-9
0.021400000900030136	9.492058099350149e-9
0.0215000007301569	9.28787373263358e-9
0.02160000056028366	9.417066619954644e-9
0.021700000390410423	9.214764101346193e-9
0.021800000220537186	9.343580853675412e-9
0.021900000050663948	9.142736528981029e-9
0.02199999988079071	9.271745641287379e-9
0.022099999710917473	9.072597329143868e-9
0.022199999541044235	9.20132857658653e-9
0.022299999371170998	9.00397562918168e-9
0.02239999920129776	9.131982937235742e-9
0.02250000089406967	8.937131728125317e-9
0.022600000724196434	9.064123775490894e-9
0.022700000554323196	8.871286660814257e-9
0.02280000038444996	8.997607040503834e-9
0.02290000021457672	8.807018458392309e-9
0.023000000044703484	8.932607453661738e-9
0.023099999874830246	8.743660498337863e-9
0.02319999970495701	8.868768866189202e-9
0.02329999953508377	8.681669071858497e-9
0.023399999365210533	8.806187812150436e-9
0.023499999195337296	8.62102857622625e-9
0.023600000888109207	8.744946821456299e-9
0.02370000071823597	8.561492856032961e-9
0.023800000548362732	8.684886151547632e-9
0.023900000378489494	8.503337830847185e-9
0.024000000208616257	8.625971577167046e-9
0.02410000003874302	8.446041874307921e-9
0.02419999986886978	8.568287575398558e-9
0.024299999698996544	8.389971864236622e-9
0.024399999529123306	8.511551685982384e-9
0.02449999935925007	8.33507247293715e-9
0.02459999918937683	8.455904314561607e-9
0.024700000882148743	8.280877021296711e-9
0.024800000712275505	8.401383737867786e-9
0.024900000542402267	8.227997458654737e-9
0.02500000037252903	8.348031862379776e-9
0.025100000202655792	8.175983916740641e-9
0.025200000032782555	8.295543667324846e-9
0.025299999862909317	8.12491632695161e-9
0.02539999969303608	8.244095788928192e-9
0.025499999523162842	8.074761836995424e-9
0.025599999353289604	8.193464943415677e-9
0.025699999183416367	8.025370866249817e-9
0.025800000876188278	8.143990155364517e-9
0.02590000070631504	7.9772601638598e-9
0.026000000536441803	8.095363958324494e-9
0.026100000366568565	7.929795770599516e-9
0.026200000196695328	8.047756126650886e-9
0.02630000002682209	7.883350323221801e-9
0.026399999856948853	8.000932663425005e-9
0.026499999687075615	7.837848643618413e-9
0.026599999517202377	7.954893906475843e-9
0.02669999934732914	7.793021070972063e-9
0.026799999177455902	7.909841720656781e-9
0.026900000870227814	7.749016990677077e-9
0.027000000700354576	7.865609210980257e-9
0.02710000053048134	7.705904148054377e-9
0.0272000003606081	7.822164024470489e-9
0.027300000190734863	7.66346689712199e-9
0.027400000020861626	7.77940193153714e-9
0.027499999850988388	7.621937361248698e-9
0.02759999968111515	7.737429003319922e-9
0.027699999511241913	7.580935422108e-9
0.027799999341368675	7.69624055706476e-9
0.027899999171495438	7.540968270390336e-9
0.02800000086426735	7.65574163136324e-9
0.02810000069439411	7.501548230676486e-9
0.028200000524520874	7.615969079379602e-9
0.028300000354647636	7.462944618732406e-9
0.0284000001847744	7.576980638330209e-9
0.02850000001490116	7.4248724821300154e-9
0.028599999845027924	7.538594736527133e-9
0.028699999675154686	7.387632271999943e-9
0.02879999950528145	7.500922061698082e-9
0.02889999933540821	7.351011728097851e-9
0.028999999165534973	7.464039258847567e-9
0.029100000858306885	7.315020201584394e-9
0.029200000688433647	7.4278055922993584e-9
0.02930000051856041	7.279600553132943e-9
0.029400000348687172	7.392144448583807e-9
0.029500000178813934	7.244843061240703e-9
0.029600000008940697	7.357083680122191e-9
0.02969999983906746	7.21063104066623e-9
0.02979999966919422	7.322718139144443e-9
0.029899999499320984	7.177042666923582e-9
0.029999999329447746	7.288893561879448e-9
0.03009999915957451	7.1441663669808775e-9
0.03020000085234642	7.255641578520694e-9
0.030300000682473183	7.111838117524971e-9
0.030400000512599945	7.222983476145508e-9
0.030500000342726707	7.080005685482484e-9
0.03060000017285347	7.190957002498855e-9
0.030700000002980232	7.048842402534439e-9
0.030799999833106995	7.159468300294883e-9
0.030899999663233757	7.018200299584317e-9
0.03099999949336052	7.128513283890317e-9
0.031099999323487282	6.988094705064206e-9
0.031199999153614044	7.098186889848137e-9
0.031300000846385956	6.958476453690885e-9
0.03139999881386757	7.0683589447152666e-9
0.03150000050663948	6.929409426647821e-9
0.031599998474121094	7.039091191092989e-9
0.031700000166893005	6.900820810210512e-9
0.03180000185966492	7.010304836010722e-9
0.03189999982714653	6.872760679715767e-9
0.03200000151991844	6.981985725808065e-9
0.032099999487400055	6.845233600239881e-9
0.03220000118017197	6.954232085521088e-9
0.03229999914765358	6.818199917631253e-9
0.03240000084042549	6.926951893446342e-9
0.032499998807907104	6.791686761521088e-9
0.032600000500679016	6.900151317605453e-9
0.03269999846816063	6.765582844641712e-9
0.03280000016093254	6.873833933484941e-9
0.03290000185370445	6.739942828919559e-9
0.032999999821186066	6.8480225440704725e-9
0.03310000151395798	6.714831166526551e-9
0.03319999948143959	6.8226731890327805e-9
0.0333000011742115	6.690094265773859e-9
0.033399999141693115	6.797747315574566e-9
0.03350000083446503	6.665843690247836e-9
0.03359999880194664	6.773277630509102e-9
0.03370000049471855	6.642012122298595e-9
0.033799998462200165	6.749251483352598e-9
0.033900000154972076	6.618600020445372e-9
0.03400000184774399	6.7256552342096385e-9
0.0340999998152256	6.595650189752586e-9
0.03420000150799751	6.702479283236513e-9
0.034299999475479126	6.5731223812557015e-9
0.03440000116825104	6.6797276322450844e-9
0.03449999913573265	6.550982521259056e-9
0.03460000082850456	6.657420057139743e-9
0.034699998795986176	6.529258215909183e-9
0.03480000048875809	6.635513159779785e-9
0.0348999984562397	6.5079239268854875e-9
0.03500000014901161	6.61400511335043e-9
0.035100001841783524	6.487031882319944e-9
0.03519999980926514	6.592915255256449e-9
0.03530000150203705	6.466486858504818e-9
0.03539999946951866	6.572215207004845e-9
0.03550000116229057	6.4463426957770125e-9
0.035599999129772186	6.55189438419087e-9
0.0357000008225441	6.42662993348448e-9
0.03579999879002571	6.531958196439483e-9
0.03590000048279762	6.407224299136742e-9
0.035999998450279236	6.5124304879113515e-9
0.03610000014305115	6.388189928180793e-9
0.03620000183582306	6.4932577768758484e-9
0.03629999980330467	6.3695246730711765e-9
0.036400001496076584	6.474452466251307e-9
0.0364999994635582	6.351244484036403e-9
0.03660000115633011	6.456002021662715e-9
0.03669999912381172	6.333316374845819e-9
0.03680000081658363	6.437916041172933e-9
0.03689999878406525	6.3157302621588115e-9
0.03700000047683716	6.420203551155505e-9
0.03709999844431877	6.298470805889616e-9
0.03720000013709068	6.402826570336592e-9
0.037300001829862595	6.281575357085761e-9
0.03739999979734421	6.385810005912423e-9
0.03750000149011612	6.265001785441664e-9
0.03759999945759773	6.36911592433615e-9
0.037700001150369644	6.248770843077525e-9
0.03779999911785126	6.352760680575782e-9
0.03790000081062317	6.2328705916195515e-9
0.03799999877810478	6.336748997193643e-9
0.038100000470876694	6.217290382944113e-9
0.03819999843835831	6.321058033358625e-9
0.03830000013113022	6.202054504024214e-9
0.03840000182390213	6.305708157014357e-9
0.03849999979138374	6.1871300237504245e-9
0.038600001484155655	6.290678783300944e-9
0.03869999945163727	6.172526652967425e-9
0.03880000114440918	6.275967644955047e-9
0.03889999911189079	6.158212718185194e-9
0.039000000804662704	6.261564405811767e-9
0.03909999877214432	6.144217825127445e-9
0.03920000046491623	6.247473726784194e-9
0.03929999843239784	6.130541485246295e-9
0.039400000125169754	6.2337083028542755e-9
0.039500001817941666	6.1171766134271865e-9
0.03959999978542328	6.220243232949637e-9
0.03970000147819519	6.104089649551586e-9
0.039799999445676804	6.207087490569712e-9
0.039900001138448715	6.091313423219169e-9
0.03999999910593033	6.194226293365702e-9
0.04010000079870224	6.078830078622139e-9
0.04019999876618385	6.181678370693783e-9
0.040300000458955765	6.066643592685242e-9
0.04039999842643738	6.169414380887374e-9
0.04050000011920929	6.0547208958813964e-9
0.0406000018119812	6.157442094086873e-9
0.040699999779462814	6.043111739529866e-9
0.040800001472234726	6.145765732756117e-9
0.04089999943971634	6.031768783976761e-9
0.04100000113248825	6.134375405583304e-9
0.041099999099969864	6.020720744437239e-9
0.041200000792741776	6.123262924921776e-9
0.04129999876022339	6.009945192410105e-9
0.0414000004529953	6.112442645722446e-9
0.04149999842047691	5.999440150534555e-9
0.041600000113248825	6.101898504722753e-9
0.04170000180602074	5.9892013896263945e-9
0.04179999977350235	6.0916290737233895e-9
0.04190000146627426	5.979242370585885e-9
0.041999999433755875	6.081635332636267e-9
0.042100001126527786	5.9695468926879775e-9
0.0421999990940094	6.071916435429386e-9
0.04230000078678131	5.96014609251152e-9
0.042399998754262924	6.0624654833915635e-9
0.042500000447034836	5.950988621240441e-9
0.04259999841451645	6.053280907443823e-9
0.04270000010728836	5.942103160203257e-9
0.04280000180006027	6.044362169390421e-9
0.042899999767541885	5.933477150713427e-9
0.0430000014603138	6.035709013589506e-9
0.04309999942779541	5.925111337618214e-9
0.04320000112056732	6.027322793068557e-9
0.043299999088048935	5.917005436138929e-9
0.04340000078082085	6.019197360438186e-9
0.04349999874830246	5.90915579388045e-9
0.04360000044107437	6.011339477658535e-9
0.043699998408555984	5.901555182344859e-9
0.043800000101327896	6.0037325515294134e-9
0.04390000179409981	5.894210408689207e-9
0.04399999976158142	5.996384393496173e-9
0.04410000145435333	5.887117256488705e-9
0.044199999421834946	5.9892894985221884e-9
0.04430000111460686	5.880272762615019e-9
0.04439999908208847	5.9824474171790265e-9
0.04450000077486038	5.873679258049584e-9
0.044599998742341995	5.975858514548096e-9
0.04470000043511391	5.867340346945164e-9
0.04479999840259552	5.969522232474438e-9
0.04490000009536743	5.861246759945038e-9
0.04500000178813934	5.963435953675419e-9
0.045099999755620956	5.8553880882138134e-9
0.04520000144839287	5.957600336388088e-9
0.04529999941587448	5.849778162433236e-9
0.04540000110864639	5.9520117608890475e-9
0.045499999076128006	5.844408808339836e-9
0.04560000076889992	5.946666531000214e-9
0.04569999873638153	5.839279422489662e-9
0.04580000042915344	5.941568500018873e-9
0.045899998396635056	5.8343861396492485e-9
0.04600000008940697	5.93671324887647e-9
0.04610000178217888	5.8297317625806855e-9
0.04619999974966049	5.932098163152141e-9
0.046300001442432404	5.825310676861511e-9
0.04639999940991402	5.927728299895438e-9
0.04650000110268593	5.821140684110314e-9
0.04659999907016754	5.923598747855977e-9
0.04670000076293945	5.817199470412068e-9
0.046799998730421066	5.919709405545599e-9
0.04690000042319298	5.813491635324013e-9
0.04699999839067459	5.9160615075522115e-9
0.0471000000834465	5.810022296765076e-9
0.047200001776218414	5.9126505112054816e-9
0.04729999974370003	5.806784762252008e-9
0.04740000143647194	5.909479481558826e-9
0.04749999940395355	5.803786600644162e-9
0.047600001096725464	5.906544863398506e-9
0.04769999906420708	5.801024278730854e-9
0.04780000075697899	5.903849887451868e-9
0.0478999987244606	5.798487384911844e-9
0.04800000041723251	5.901387645840426e-9
0.04809999838471413	5.796186753257149e-9
0.04820000007748604	5.899163255732917e-9
0.04830000177025795	5.794114650367017e-9
0.04839999973773956	5.897173964681859e-9
0.048500001430511475	5.792276121121965e-9
0.04859999939799309	5.89541946001279e-9
0.048700001090765	5.7906617459161374e-9
0.04879999905824661	5.893899759716585e-9
0.048900000751018524	5.7892834929663765e-9
0.04899999871850014	5.892612727907662e-9
0.04910000041127205	5.7881402824062765e-9
0.04919999837875366	5.891560497428202e-9
0.049300000071525574	5.787223470206364e-9
0.049400001764297485	5.8907422826990015e-9
0.0494999997317791	5.78653545534079e-9
0.04960000142455101	5.890157886841282e-9
0.04969999939203262	5.786073949573495e-9
0.049800001084804535	5.8898053206092894e-9
0.04989999905228615	5.7858402551325995e-9
