0.0	3.364543347601041e-7
9.999999747378752e-5	3.591072801166007e-7
0.00019999999494757503	3.302604507644829e-7
0.0003000000142492354	3.018449758962293e-7
0.00039999998989515007	3.2195884651896396e-7
0.0005000000237487257	2.925902919043329e-7
0.0006000000284984708	2.508213657480443e-7
0.000699999975040555	1.703744566265637e-7
0.0007999999797903001	1.752841705584281e-7
0.0008999999845400453	1.2711130037888415e-7
0.0010000000474974513	1.6074379470629566e-7
0.0010999999940395355	1.552624176372963e-7
0.0012000000569969416	1.3351017856405601e-7
0.0013000000035390258	1.0328072840050524e-7
0.00139999995008111	1.2894255367850585e-7
0.001500000013038516	1.1968499779342152e-7
0.0015999999595806003	1.1235043299592223e-7
0.0017000000225380063	1.1888385657256447e-7
0.0017999999690800905	1.0151197323729112e-7
0.0019000000320374966	8.997428228193424e-8
0.0020000000949949026	1.0003225457974933e-7
0.002099999925121665	8.77801075539143e-8
0.002199999988079071	9.374532497779136e-8
0.002300000051036477	7.941553540889737e-8
0.002400000113993883	8.314050580141843e-8
0.0024999999441206455	6.973117926472288e-8
0.0026000000070780516	7.949898511030424e-8
0.0027000000700354576	6.997065947341982e-8
0.00279999990016222	7.23676340392636e-8
0.002899999963119626	6.7501095753056e-8
0.003000000026077032	6.492234444935889e-8
0.003100000089034438	6.081445509706779e-8
0.0031999999191612005	6.35576586234409e-8
0.0032999999821186066	5.336374110494358e-8
0.0034000000450760126	6.009550000366396e-8
0.0035000001080334187	5.5966683392341905e-8
0.003599999938160181	5.618953736977301e-8
0.003700000001117587	5.311805688595544e-8
0.003800000064074993	5.472999136335945e-8
0.0038999998942017555	4.9956687880192346e-8
0.004000000189989805	5.218364923531294e-8
0.004100000020116568	4.902706969895494e-8
0.00419999985024333	5.0108771669718325e-8
0.00430000014603138	4.661355640914635e-8
0.004399999976158142	4.8123749629720944e-8
0.0044999998062849045	4.30958827505631e-8
0.004600000102072954	4.559223182856327e-8
0.004699999932199717	4.132936518685185e-8
0.004800000227987766	4.442077337066299e-8
0.004900000058114529	3.8603308066773524e-8
0.004999999888241291	4.209336933074291e-8
0.005100000184029341	3.702781237596522e-8
0.005200000014156103	4.0410242278934197e-8
0.0052999998442828655	3.57688535573725e-8
0.005400000140070915	3.8532775155942335e-8
0.005499999970197678	3.398550120470963e-8
0.00559999980032444	3.735639097367689e-8
0.00570000009611249	3.31813858025118e-8
0.005799999926239252	3.57569735371793e-8
0.005900000222027302	3.205393283493323e-8
0.006000000052154064	3.417310770099876e-8
0.006099999882280827	3.127290532008308e-8
0.006200000178068876	3.2988168873834656e-8
0.006300000008195639	2.992487916959677e-8
0.006399999838322401	3.178916062881587e-8
0.006500000134110451	2.92048338247437e-8
0.006599999964237213	3.059824604422567e-8
0.0066999997943639755	2.7687898445067917e-8
0.006800000090152025	2.968659586805878e-8
0.006899999920278788	2.6429122443999292e-8
0.007000000216066837	2.8679062712930914e-8
0.0071000000461936	2.5658668183366796e-8
0.007199999876320362	2.80888299899283e-8
0.007300000172108412	2.493814839040027e-8
0.007400000002235174	2.715888656869504e-8
0.007499999832361937	2.432276876976307e-8
0.007600000128149986	2.6360370462410137e-8
0.007699999958276749	2.3854599280467877e-8
0.007799999788403511	2.548371929404537e-8
0.007899999618530273	2.2928070355597766e-8
0.00800000037997961	2.4804728715747908e-8
0.008100000210106373	2.247099558299004e-8
0.008200000040233135	2.4087579975980017e-8
0.008299999870359898	2.1816172750342158e-8
0.00839999970048666	2.3541406663309386e-8
0.008500000461935997	2.1293400279848075e-8
0.00860000029206276	2.295175839426441e-8
0.008700000122189522	2.0934328702869712e-8
0.008799999952316284	2.237882696994254e-8
0.008899999782443047	2.0422998311990087e-8
0.008999999612569809	2.1835090186814502e-8
0.009100000374019146	1.9882434321178553e-8
0.009200000204145908	2.1350028419297348e-8
0.00930000003427267	1.9445696215757774e-8
0.009399999864399433	2.0860116809112364e-8
0.009499999694526196	1.8989645029209133e-8
0.009600000455975533	2.0396691132876134e-8
0.009700000286102295	1.8593048162171894e-8
0.009800000116229057	1.9982167103170893e-8
0.00989999994635582	1.8204533163628726e-8
0.009999999776482582	1.9572149980390343e-8
0.010099999606609344	1.7826959726692523e-8
0.010200000368058681	1.916432750301177e-8
0.010300000198185444	1.7444530064137428e-8
0.010400000028312206	1.8798942451797104e-8
0.010499999858438969	1.711652038848209e-8
0.010599999688565731	1.8429822338897584e-8
0.010700000450015068	1.678958634950174e-8
0.01080000028014183	1.807394199585281e-8
0.010900000110268593	1.649964208935403e-8
0.010999999940395355	1.775817865324831e-8
0.011099999770522118	1.615873879205729e-8
0.01119999960064888	1.7437153778750374e-8
0.011300000362098217	1.5868729667992553e-8
0.01140000019222498	1.7139529143812932e-8
0.011500000022351742	1.5596892161628725e-8
0.011599999852478504	1.68529024102811e-8
0.011699999682605267	1.534466971396071e-8
0.011800000444054604	1.656266948928131e-8
0.011900000274181366	1.5092800199820168e-8
0.012000000104308128	1.6281233729224647e-8
0.01209999993443489	1.4853018938337206e-8
0.012199999764561653	1.602068048575725e-8
0.012299999594688416	1.4618874773215546e-8
0.012400000356137753	1.575425310354915e-8
0.012500000186264515	1.4375845217445101e-8
0.012600000016391277	1.5498021376400158e-8
0.01269999984651804	1.415117556992131e-8
0.012799999676644802	1.525303752849316e-8
0.012900000438094139	1.392359221978612e-8
0.013000000268220901	1.5022989410476333e-8
0.013100000098347664	1.3699734833079505e-8
0.013199999928474426	1.4805517175531022e-8
0.013299999758601189	1.3505285922461093e-8
0.013399999588727951	1.4593544452087103e-8
0.013500000350177288	1.332182811919545e-8
0.01360000018030405	1.4388411244788288e-8
0.013700000010430813	1.3131846474199481e-8
0.013799999840557575	1.4184853513386322e-8
0.013899999670684338	1.2949930831970967e-8
0.014000000432133675	1.3987062816443097e-8
0.014100000262260437	1.2769090601425604e-8
0.0142000000923872	1.3798512260027336e-8
0.014299999922513962	1.260269956497168e-8
0.014399999752640724	1.3617032922683207e-8
0.014499999582767487	1.2434695137975679e-8
0.014600000344216824	1.3440281619063251e-8
0.014700000174343586	1.2269343395853849e-8
0.014800000004470348	1.3264396571186711e-8
0.01489999983459711	1.2112550201580333e-8
0.014999999664723873	1.3094480496143873e-8
0.01510000042617321	1.196402532424287e-8
0.015200000256299973	1.2931294242528786e-8
0.015300000086426735	1.18198461121593e-8
0.015399999916553497	1.277031954993711e-8
0.01549999974668026	1.1677625805718469e-8
0.015599999576807022	1.2615017727491874e-8
0.015699999406933784	1.153538610645305e-8
0.015799999237060547	1.2467261257635325e-8
0.01590000092983246	1.1399065229335932e-8
0.01600000075995922	1.2323713198028047e-8
0.016100000590085983	1.1269262770696612e-8
0.016200000420212746	1.2183436591452745e-8
0.016300000250339508	1.1142552259548721e-8
0.01640000008046627	1.2044980787326088e-8
0.016499999910593033	1.1015539967774123e-8
0.016599999740719795	1.1909992961666374e-8
0.016699999570846558	1.0890873048435958e-8
0.01679999940097332	1.1779681068106276e-8
0.016899999231100082	1.0773441932632964e-8
0.017000000923871994	1.1650164928812352e-8
0.017100000753998756	1.0658244265974665e-8
0.01720000058412552	1.1524474565666779e-8
0.01730000041425228	1.0544898392908457e-8
0.017400000244379044	1.140436097176841e-8
0.017500000074505806	1.043263563505558e-8
0.01759999990463257	1.1285900976948596e-8
0.01769999973475933	1.0325712417107961e-8
0.017799999564886093	1.1169310808117294e-8
0.017899999395012856	1.0219274811715502e-8
0.017999999225139618	1.1056734961433367e-8
0.01810000091791153	1.011545978977651e-8
0.018200000748038292	1.0945486063363078e-8
0.018300000578165054	1.0016295627804298e-8
0.018400000408291817	1.0838142947665507e-8
0.01850000023841858	9.918662159978887e-9
0.01860000006854534	1.073319705755276e-8
0.018699999898672104	9.825253808754503e-9
0.018799999728798866	1.0630870563059847e-8
0.01889999955892563	9.733875904345464e-9
0.01899999938905239	1.052973959016807e-8
0.019099999219179153	9.643121950923169e-9
0.019200000911951065	1.0431667234553523e-8
0.019300000742077827	9.554086731835424e-9
0.01940000057220459	1.0336282819314424e-8
0.019500000402331352	9.466979111002463e-9
0.019600000232458115	1.0243058063393992e-8
0.019700000062584877	9.382326640549025e-9
0.01979999989271164	1.0151827607977219e-8
0.019899999722838402	9.299678597641952e-9
0.019999999552965164	1.0062595921644718e-8
0.020099999383091927	9.217481849736483e-9
0.02019999921321869	9.975628746850193e-9
0.0203000009059906	9.137553501180658e-9
0.020400000736117363	9.890566669234069e-9
0.020500000566244125	9.059928173224628e-9
0.020600000396370888	9.807159058154166e-9
0.02070000022649765	8.983613478281612e-9
0.020800000056624413	9.72519897376397e-9
0.020899999886751175	8.908136758697797e-9
0.020999999716877937	9.646028882659232e-9
0.0210999995470047	8.835084857441534e-9
0.021199999377131462	9.567551968707851e-9
0.021299999207258224	8.763461337668045e-9
0.021400000900030136	9.490789773719151e-9
0.0215000007301569	8.693295010923835e-9
0.02160000056028366	9.415974032079844e-9
0.021700000390410423	8.625103393844257e-9
0.021800000220537186	9.342237163341661e-9
0.021900000050663948	8.558144678378698e-9
0.02199999988079071	9.270266286853521e-9
0.022099999710917473	8.492665042019623e-9
0.022199999541044235	9.199902495869753e-9
0.022299999371170998	8.42804401862129e-9
0.02239999920129776	9.13104993511477e-9
0.02250000089406967	8.365315018032296e-9
0.022600000724196434	9.063448316310932e-9
0.022700000554323196	8.303775584507914e-9
0.02280000038444996	8.996961516011486e-9
0.02290000021457672	8.243368695251574e-9
0.023000000044703484	8.931800675743768e-9
0.023099999874830246	8.18390689611143e-9
0.02319999970495701	8.868243622090788e-9
0.02329999953508377	8.125968615553104e-9
0.023399999365210533	8.80571023180489e-9
0.023499999195337296	8.06909932697243e-9
0.023600000888109207	8.744678101308072e-9
0.02370000071823597	8.013404998416158e-9
0.023800000548362732	8.684696139274443e-9
0.023900000378489494	7.958722336717209e-9
0.024000000208616257	8.62582844542316e-9
0.02410000003874302	7.905350059483844e-9
0.02419999986886978	8.56803061287891e-9
0.024299999698996544	7.852781380574992e-9
0.024399999529123306	8.511304783928791e-9
0.02449999935925007	7.801394404459934e-9
0.02459999918937683	8.455811666061424e-9
0.024700000882148743	7.750790895851152e-9
0.024800000712275505	8.401328708480472e-9
0.024900000542402267	7.701509352199318e-9
0.02500000037252903	8.347867742184538e-9
0.025100000202655792	7.652832545602325e-9
0.025200000032782555	8.295435391184563e-9
0.025299999862909317	7.605155922615782e-9
0.02539999969303608	8.243927698288672e-9
0.025499999523162842	7.558205976856259e-9
0.025599999353289604	8.193380298908949e-9
0.025699999183416367	7.512164360469681e-9
0.025800000876188278	8.143806513451083e-9
0.02590000070631504	7.4668669974432e-9
0.026000000536441803	8.095215561153653e-9
0.026100000366568565	7.422559397937186e-9
0.026200000196695328	8.04744574711362e-9
0.02630000002682209	7.379115030138923e-9
0.026399999856948853	8.00061358940175e-9
0.026499999687075615	7.336513197098817e-9
0.026599999517202377	7.954645808504056e-9
0.02669999934732914	7.294628778127117e-9
0.026799999177455902	7.909462460572042e-9
0.026900000870227814	7.253494562811827e-9
0.027000000700354576	7.865118711111384e-9
0.02710000053048134	7.213302010579866e-9
0.0272000003606081	7.821635896755909e-9
0.027300000190734863	7.173461380394846e-9
0.027400000020861626	7.779020489289945e-9
0.027499999850988388	7.134504751500498e-9
0.02759999968111515	7.73704096375985e-9
0.027699999511241913	7.096298197988132e-9
0.027799999341368675	7.695790203994195e-9
0.027899999171495438	7.0588026689666944e-9
0.02800000086426735	7.655343025388975e-9
0.02810000069439411	7.021871016390886e-9
0.028200000524520874	7.61569104473416e-9
0.028300000354647636	6.985637210903468e-9
0.0284000001847744	7.576646145974457e-9
0.02850000001490116	6.95001389302138e-9
0.028599999845027924	7.538317795199335e-9
0.028699999675154686	6.915066423084245e-9
0.02879999950528145	7.500705979382192e-9
0.02889999933540821	6.880785605586156e-9
0.028999999165534973	7.463729385359101e-9
0.029100000858306885	6.847177303411521e-9
0.029200000688433647	7.427455043871511e-9
0.02930000051856041	6.814148144101111e-9
0.029400000348687172	7.3917973504815945e-9
0.029500000178813934	6.781613980367866e-9
0.029600000008940697	7.356773543012297e-9
0.02969999983906746	6.7497290642406195e-9
0.02979999966919422	7.322346999523666e-9
0.029899999499320984	6.7183683683962455e-9
0.029999999329447746	7.288519624255256e-9
0.03009999915957451	6.6874819248708365e-9
0.03020000085234642	7.255350101431715e-9
0.030300000682473183	6.657214547986075e-9
0.030400000512599945	7.222695346471965e-9
0.030500000342726707	6.62749626924865e-9
0.03060000017285347	7.190678976176559e-9
0.030700000002980232	6.59829872257019e-9
0.030799999833106995	7.159256628413986e-9
0.030899999663233757	6.569574576631112e-9
0.03099999949336052	7.128328954838242e-9
0.031099999323487282	6.541394929833866e-9
0.031199999153614044	7.097928139652448e-9
0.031300000846385956	6.513757993998234e-9
0.03139999881386757	7.068078339086677e-9
0.03150000050663948	6.486588308936978e-9
0.031599998474121094	7.038814284385069e-9
0.031700000166893005	6.459898091299279e-9
0.03180000185966492	7.010075879236508e-9
0.03189999982714653	6.433678409561591e-9
0.03200000151991844	6.981786739545892e-9
0.032099999487400055	6.40790448540155e-9
0.03220000118017197	6.9540227196357445e-9
0.03229999914765358	6.382582032310107e-9
0.03240000084042549	6.926764526336488e-9
0.032499998807907104	6.35773903547622e-9
0.032600000500679016	6.899976046862355e-9
0.03269999846816063	6.333327015763157e-9
0.03280000016093254	6.87367031547236e-9
0.03290000185370445	6.30928044952531e-9
0.032999999821186066	6.8478266212030285e-9
0.03310000151395798	6.285727788600885e-9
0.03319999948143959	6.822470768115645e-9
0.0333000011742115	6.262618963733775e-9
0.033399999141693115	6.7975494486282e-9
0.03350000083446503	6.239903697770197e-9
0.03359999880194664	6.773085003046346e-9
0.03370000049471855	6.217617985869113e-9
0.033799998462200165	6.7490667612204605e-9
0.033900000154972076	6.195708519786131e-9
0.03400000184774399	6.725479127209871e-9
0.0340999998152256	6.174247193397968e-9
0.03420000150799751	6.70230622111927e-9
0.034299999475479126	6.153149227728257e-9
0.03440000116825104	6.679575622502336e-9
0.03449999913573265	6.132459140076308e-9
0.03460000082850456	6.657261954661939e-9
0.034699998795986176	6.1121501612359726e-9
0.03480000048875809	6.635368384238334e-9
0.0348999984562397	6.092194978714672e-9
0.03500000014901161	6.613877992009162e-9
0.035100001841783524	6.072608130974808e-9
0.03519999980926514	6.592797450563374e-9
0.03530000150203705	6.053404854013514e-9
0.03539999946951866	6.572083158584966e-9
0.03550000116229057	6.034540648067667e-9
0.035599999129772186	6.551773466683019e-9
0.0357000008225441	6.016062928512417e-9
0.03579999879002571	6.531829354325303e-9
0.03590000048279762	5.99790822122055e-9
0.035999998450279236	6.512279857929967e-9
0.03610000014305115	5.980095167143238e-9
0.03620000183582306	6.493104818426159e-9
0.03629999980330467	5.962634876859991e-9
0.036400001496076584	6.474292873978277e-9
0.0364999994635582	5.945515064413563e-9
0.03660000115633011	6.4558656987992525e-9
0.03669999912381172	5.92872644597556e-9
0.03680000081658363	6.437783312397552e-9
0.03689999878406525	5.912271399031662e-9
0.03700000047683716	6.420058854952895e-9
0.03709999844431877	5.89614164163846e-9
0.03720000013709068	6.402690984910352e-9
0.037300001829862595	5.880332617661895e-9
0.03739999979734421	6.385657432815675e-9
0.03750000149011612	5.864835653119785e-9
0.03759999945759773	6.368965280074783e-9
0.037700001150369644	5.8496472181948164e-9
0.03779999911785126	6.35261466622461e-9
0.03790000081062317	5.834782298288758e-9
0.03799999877810478	6.3366176105891795e-9
0.038100000470876694	5.820202953564383e-9
0.03819999843835831	6.32093918316879e-9
0.03830000013113022	5.8059437361582536e-9
0.03840000182390213	6.3055792170054894e-9
0.03849999979138374	5.791976353889677e-9
0.038600001484155655	6.290544778952159e-9
0.03869999945163727	5.7783090905680075e-9
0.03880000114440918	6.275831766042896e-9
0.03889999911189079	5.764906373251845e-9
0.039000000804662704	6.261446560106106e-9
0.03909999877214432	5.751800434178965e-9
0.03920000046491623	6.247363303589004e-9
0.03929999843239784	5.739000934080026e-9
0.039400000125169754	6.2335952761895215e-9
0.039500001817941666	5.726478553151716e-9
0.03959999978542328	6.220130149756444e-9
0.03970000147819519	5.714235916480096e-9
0.039799999445676804	6.206974739577683e-9
0.039900001138448715	5.702272947936093e-9
0.03999999910593033	6.194120557623685e-9
0.04010000079870224	5.690585819128314e-9
0.04019999876618385	6.181565736974095e-9
0.040300000458955765	5.679178849952185e-9
0.04039999842643738	6.169304817294543e-9
0.04050000011920929	5.6680342602297245e-9
0.0406000018119812	6.1573327876321745e-9
0.040699999779462814	5.657154290678962e-9
0.040800001472234726	6.1456450366976415e-9
0.04089999943971634	5.646540220344451e-9
0.04100000113248825	6.134249574928945e-9
0.041099999099969864	5.63619460781318e-9
0.041200000792741776	6.1231441854038705e-9
0.04129999876022339	5.626105806248128e-9
0.0414000004529953	6.112315484682854e-9
0.04149999842047691	5.616274878289086e-9
0.041600000113248825	6.101778104585177e-9
0.04170000180602074	5.606690562887662e-9
0.04179999977350235	6.091504687629797e-9
0.04190000146627426	5.597372818075551e-9
0.041999999433755875	6.081518050403124e-9
0.042100001126527786	5.5883048423566465e-9
0.0421999990940094	6.071788241871754e-9
0.04230000078678131	5.57950259103089e-9
0.042399998754262924	6.062332911682243e-9
0.042500000447034836	5.570945536625011e-9
0.04259999841451645	6.053147741879332e-9
0.04270000010728836	5.5626225088967216e-9
0.04280000180006027	6.0442316331976105e-9
0.042899999767541885	5.554542691332062e-9
0.0430000014603138	6.035578965041344e-9
0.04309999942779541	5.546703840655211e-9
0.04320000112056732	6.0271930683171035e-9
0.043299999088048935	5.539123885544758e-9
0.04340000078082085	6.019069244857649e-9
0.04349999874830246	5.531777628747122e-9
0.04360000044107437	6.011201875514422e-9
0.043699998408555984	5.524673194603141e-9
0.043800000101327896	6.003593377933197e-9
0.04390000179409981	5.517808936415447e-9
0.04399999976158142	5.996250581926779e-9
0.04410000145435333	5.511169696729121e-9
0.044199999421834946	5.9891591819367405e-9
0.04430000111460686	5.5047608785836986e-9
0.04439999908208847	5.982322309423838e-9
0.04450000077486038	5.498588543586951e-9
0.044599998742341995	5.975737778753093e-9
0.04470000043511391	5.492644655544577e-9
0.04479999840259552	5.969404514090939e-9
0.04490000009536743	5.486932464806806e-9
0.04500000178813934	5.963322798800538e-9
0.045099999755620956	5.4814538041748446e-9
0.04520000144839287	5.957481634642717e-9
0.04529999941587448	5.476203527119899e-9
0.04540000110864639	5.951892324001288e-9
0.045499999076128006	5.471175560945538e-9
0.04560000076889992	5.94654604887375e-9
0.04569999873638153	5.466373523327803e-9
0.04580000042915344	5.941445845606807e-9
0.045899998396635056	5.461794633342248e-9
0.04600000008940697	5.936588429322276e-9
0.04610000178217888	5.4574354903340045e-9
0.04619999974966049	5.931979322934924e-9
0.046300001442432404	5.453308607455085e-9
0.04639999940991402	5.927611018138483e-9
0.04650000110268593	5.4494010252196385e-9
0.04659999907016754	5.923483462402896e-9
0.04670000076293945	5.4457123232163076e-9
0.046799998730421066	5.9195948864257e-9
0.04690000042319298	5.4422485016476965e-9
0.04699999839067459	5.915946947156125e-9
0.0471000000834465	5.4390048421354255e-9
0.047200001776218414	5.912537175187303e-9
0.04729999974370003	5.4359761539632974e-9
0.04740000143647194	5.909366667902964e-9
0.04749999940395355	5.433170989720404e-9
0.047600001096725464	5.906434976643183e-9
0.04769999906420708	5.430580983896772e-9
0.04780000075697899	5.9037357968691185e-9
0.0478999987244606	5.428206079203927e-9
0.04800000041723251	5.901274528924273e-9
0.04809999838471413	5.426047371352052e-9
0.04820000007748604	5.8990485671413075e-9
0.04830000177025795	5.42411258060813e-9
0.04839999973773956	5.897060409412949e-9
0.048500001430511475	5.422392397785851e-9
0.04859999939799309	5.895306189951212e-9
0.048700001090765	5.420889713655978e-9
0.04879999905824661	5.893784468077287e-9
0.048900000751018524	5.419599188086206e-9
0.04899999871850014	5.892496034120704e-9
0.04910000041127205	5.418523943847025e-9
0.04919999837875366	5.891442908076241e-9
0.049300000071525574	5.417665056787541e-9
0.049400001764297485	5.890624166636569e-9
0.0494999997317791	5.417020111466565e-9
0.04960000142455101	5.890042449713666e-9
0.04969999939203262	5.416593402195411e-9
0.049800001084804535	5.8896932265764346e-9
0.04989999905228615	5.4163773030088974e-9
