0.0	1.7355809227701756e-7
9.999999747378752e-5	2.2364886230980598e-7
0.00019999999494757503	2.1180521156760883e-7
0.0003000000142492354	2.3569652834827253e-7
0.00039999998989515007	2.8419079476792243e-7
0.0005000000237487257	2.0967582918853642e-7
0.0006000000284984708	2.3650521905241023e-7
0.000699999975040555	1.8968058812148989e-7
0.0007999999797903001	1.7476118101371982e-7
0.0008999999845400453	1.3438768073086778e-7
0.0010000000474974513	1.7757731618357524e-7
0.0010999999940395355	1.430408007845067e-7
0.0012000000569969416	1.3983329298591142e-7
0.0013000000035390258	1.5130735842839588e-7
0.00139999995008111	1.2868850315188457e-7
0.001500000013038516	1.5210232587692374e-7
0.0015999999595806003	1.4592192461368513e-7
0.0017000000225380063	1.5100105552270123e-7
0.0017999999690800905	1.3475610193916807e-7
0.0019000000320374966	1.3066889325678712e-7
0.0020000000949949026	1.2775851230286905e-7
0.002099999925121665	1.0884916196074269e-7
0.002199999988079071	1.0038090147248713e-7
0.002300000051036477	1.0885584100618599e-7
0.002400000113993883	1.0249277649825977e-7
0.0024999999441206455	9.365477545880062e-8
0.0026000000070780516	8.65194522392231e-8
0.0027000000700354576	8.534784324334532e-8
0.00279999990016222	7.577561597786834e-8
0.002899999963119626	7.074188107479917e-8
0.003000000026077032	7.377670212506973e-8
0.003100000089034438	6.76369107746018e-8
0.0031999999191612005	6.963282698042048e-8
0.0032999999821186066	6.451337328414281e-8
0.0034000000450760126	6.246114822289218e-8
0.0035000001080334187	5.976945414297574e-8
0.003599999938160181	5.729149323550159e-8
0.003700000001117587	6.084691431186835e-8
0.003800000064074993	5.689097727383309e-8
0.0038999998942017555	5.676081198350858e-8
0.004000000189989805	5.4869173406452444e-8
0.004100000020116568	5.395431495482091e-8
0.00419999985024333	5.0793691458608065e-8
0.00430000014603138	4.8366803012675893e-8
0.004399999976158142	4.8102715860535105e-8
0.0044999998062849045	4.513942921633895e-8
0.004600000102072954	4.40103582510324e-8
0.004699999932199717	4.316893769489963e-8
0.004800000227987766	4.2259012734967046e-8
0.004900000058114529	4.11989177915681e-8
0.004999999888241291	4.2661979686375505e-8
0.005100000184029341	3.8878609996417264e-8
0.005200000014156103	3.9032073012885775e-8
0.0052999998442828655	3.849519451133041e-8
0.005400000140070915	3.7804494124868814e-8
0.005499999970197678	3.712815756152346e-8
0.00559999980032444	3.670862973242967e-8
0.00570000009611249	3.6051345522421636e-8
0.005799999926239252	3.516258045814635e-8
0.005900000222027302	3.433274107809713e-8
0.006000000052154064	3.490619826424312e-8
0.006099999882280827	3.286681078132537e-8
0.006200000178068876	3.2782500831743145e-8
0.006300000008195639	3.194689244518199e-8
0.006399999838322401	3.154458286248835e-8
0.006500000134110451	3.0725926954807854e-8
0.006599999964237213	3.056452223841638e-8
0.0066999997943639755	2.987563403019541e-8
0.006800000090152025	2.9285029389148436e-8
0.006899999920278788	2.8933206599260257e-8
0.007000000216066837	2.9283988320623248e-8
0.0071000000461936	2.7960645771405628e-8
0.007199999876320362	2.760633395798241e-8
0.007300000172108412	2.7105273141158978e-8
0.007400000002235174	2.6540638354897547e-8
0.007499999832361937	2.6178122053547144e-8
0.007600000128149986	2.5790336744937693e-8
0.007699999958276749	2.541150814114671e-8
0.007799999788403511	2.5114590703775815e-8
0.007899999618530273	2.4739809341014535e-8
0.00800000037997961	2.5391079149631822e-8
0.008100000210106373	2.414684548298278e-8
0.008200000040233135	2.38860406558628e-8
0.008299999870359898	2.3617988209398082e-8
0.00839999970048666	2.3379963134456547e-8
0.008500000461935997	2.307442990174596e-8
0.00860000029206276	2.2813869752144227e-8
0.008700000122189522	2.252960455840387e-8
0.008799999952316284	2.2319992134612516e-8
0.008899999782443047	2.1952719644628007e-8
0.008999999612569809	2.239110341543844e-8
0.009100000374019146	2.147153993698837e-8
0.009200000204145908	2.120957863597761e-8
0.00930000003427267	2.101574700558776e-8
0.009399999864399433	2.074443813705349e-8
0.009499999694526196	2.049157820644514e-8
0.009600000455975533	2.0260262347641193e-8
0.009700000286102295	2.0059525119888332e-8
0.009800000116229057	1.9828411283780548e-8
0.00989999994635582	1.961481822423874e-8
0.009999999776482582	2.005036944514811e-8
0.010099999606609344	1.9237504522486153e-8
0.010200000368058681	1.906030000486294e-8
0.010300000198185444	1.8855892584328407e-8
0.010400000028312206	1.8659707306930027e-8
0.010499999858438969	1.8475704810665532e-8
0.010599999688565731	1.827619932676642e-8
0.010700000450015068	1.8083146197362645e-8
0.01080000028014183	1.789846816267954e-8
0.010900000110268593	1.7724696525905595e-8
0.010999999940395355	1.819056897661423e-8
0.011099999770522118	1.7381798015647086e-8
0.01119999960064888	1.722864432534299e-8
0.011300000362098217	1.7078289215957967e-8
0.01140000019222498	1.6913814812359067e-8
0.011500000022351742	1.6770404326044988e-8
0.011599999852478504	1.6619213961251902e-8
0.011699999682605267	1.6468020104649735e-8
0.011800000444054604	1.6315931995577307e-8
0.011900000274181366	1.6173244019966582e-8
0.012000000104308128	1.6659464706622482e-8
0.01209999993443489	1.5899905518913175e-8
0.012199999764561653	1.577134414652287e-8
0.012299999594688416	1.5649754524091957e-8
0.012400000356137753	1.552266122630455e-8
0.012500000186264515	1.538643863330932e-8
0.012600000016391277	1.5259898329116835e-8
0.01269999984651804	1.5138212677983863e-8
0.012799999676644802	1.5014807986986822e-8
0.012900000438094139	1.4900265660031251e-8
0.013000000268220901	1.54011552390015e-8
0.013100000098347664	1.467449023530085e-8
0.013199999928474426	1.4560429018321125e-8
0.013299999758601189	1.4459689900463362e-8
0.013399999588727951	1.435015976427601e-8
0.013500000350177288	1.424258519206717e-8
0.01360000018030405	1.4138020733579808e-8
0.013700000010430813	1.4040298694011425e-8
0.013799999840557575	1.3936702982007267e-8
0.013899999670684338	1.383161017135532e-8
0.014000000432133675	1.4332669848046302e-8
0.014100000262260437	1.3644545046051798e-8
0.0142000000923872	1.3549330716434665e-8
0.014299999922513962	1.346105497775393e-8
0.014399999752640724	1.3369022413257383e-8
0.014499999582767487	1.3277844237868381e-8
0.014600000344216824	1.3190650395775211e-8
0.014700000174343586	1.3101885872321811e-8
0.014800000004470348	1.3020479971290666e-8
0.01489999983459711	1.2942356451753138e-8
0.014999999664723873	1.3419664363687311e-8
0.015200000256299973	1.1791101423971365e-8
0.015399999916553497	1.1646775820809933e-8
0.015599999576807022	1.1506125162375883e-8
0.015799999237060547	1.1367562948820072e-8
0.01600000075995922	1.2630522132829836e-8
0.016200000420212746	1.1104180129169364e-8
0.01640000008046627	1.0977749362533799e-8
0.016599999740719795	1.0855557280301887e-8
0.01679999940097332	1.0735621366244841e-8
0.017000000923871994	1.1939772095354256e-8
0.01720000058412552	1.050540849237767e-8
0.017400000244379044	1.039435076046603e-8
0.01759999990463257	1.0285176111836699e-8
0.017799999564886093	1.0180539310008403e-8
0.017999999225139618	1.1331286519245003e-8
0.018200000748038292	9.977755450516383e-9
0.018400000408291817	9.88068415347496e-9
0.01860000006854534	9.785456411910686e-9
0.018799999728798866	9.69108798014457e-9
0.01899999938905239	1.079449121805252e-8
0.019200000911951065	9.510499214986146e-9
0.01940000057220459	9.423409882410106e-9
0.019600000232458115	9.337766545346216e-9
0.01979999989271164	9.254332414145438e-9
0.019999999552965164	1.0316169267624636e-8
0.020999999716877937	9.887539393437873e-9
0.02199999988079071	9.503094713483141e-9
0.023000000044703484	9.15621723775839e-9
0.024000000208616257	8.842538281502028e-9
0.02500000037252903	8.557636971684004e-9
0.026000000536441803	8.298773414444321e-9
0.027000000700354576	8.063039474656955e-9
0.02800000086426735	7.84802272586445e-9
0.028999999165534973	7.651461832120618e-9
0.029999999329447746	7.47181990311021e-9
0.03099999949336052	7.307594211549468e-9
0.03200000151991844	7.1573942659172115e-9
0.032999999821186066	7.0201266428854386e-9
0.03400000184774399	6.8947331214491994e-9
0.03500000014901161	6.780360317157907e-9
0.035999998450279236	6.676244731102754e-9
0.03700000047683716	6.5817074212477785e-9
0.03799999877810478	6.496164287747123e-9
0.039000000804662704	6.419120226884771e-9
0.03999999910593033	6.3500952962792675e-9
0.04100000113248825	6.28872870077154e-9
0.041999999433755875	6.234659192066981e-9
0.0430000014603138	6.187590783415795e-9
0.04399999976158142	6.147282022495844e-9
0.04500000178813934	6.113513134457593e-9
0.04600000008940697	6.086116315283275e-9
0.04699999839067459	6.064950264629565e-9
0.04800000041723251	6.049907028445633e-9
0.04899999871850014	6.040911218605285e-9
