0.0	1.254462870432129e-7
0.00019999999494757503	1.5917080377964554e-7
0.00039999998989515007	1.8513262891136393e-7
0.0006000000284984708	1.4007983782101155e-7
0.0007999999797903001	1.6519513064825188e-7
0.0010000000474974513	1.414148983529211e-7
0.0012000000569969416	1.324610293335099e-7
0.00139999995008111	1.272156518059611e-7
0.0015999999595806003	1.4339647604501493e-7
0.0017999999690800905	1.3498228285175322e-7
0.0020000000949949026	1.2005841407946137e-7
0.002199999988079071	1.1134491574124713e-7
0.002400000113993883	9.929505611493472e-8
0.0026000000070780516	8.478592967207343e-8
0.00279999990016222	7.568375269383826e-8
0.003000000026077032	7.108416937980331e-8
0.0031999999191612005	6.700847376692816e-8
0.0034000000450760126	6.20191144138085e-8
0.003599999938160181	5.968167033436858e-8
0.003800000064074993	5.5994338935828384e-8
0.004000000189989805	5.3122209012176815e-8
0.00419999985024333	5.00228301286455e-8
0.004399999976158142	4.753540962866384e-8
0.004600000102072954	4.542552666451347e-8
0.004800000227987766	4.327575362293471e-8
0.004999999888241291	4.133074572092283e-8
0.005200000014156103	3.9522167822878e-8
0.005400000140070915	3.7557709281421794e-8
0.00559999980032444	3.6073850606353724e-8
0.005799999926239252	3.494284529001339e-8
0.006000000052154064	3.357928446742398e-8
0.006200000178068876	3.235652626906495e-8
0.006399999838322401	3.1197829447091407e-8
0.006599999964237213	3.000942644999746e-8
0.006800000090152025	2.894899457488887e-8
0.007000000216066837	2.8357395924068162e-8
0.007199999876320362	2.7597453228688537e-8
0.007400000002235174	2.682821639479636e-8
0.007600000128149986	2.602842136446053e-8
0.007799999788403511	2.527971566103934e-8
0.00800000037997961	2.4553088684128378e-8
0.008200000040233135	2.387898792409668e-8
0.00839999970048666	2.3234601570538558e-8
0.00860000029206276	2.2664119971150172e-8
0.008799999952316284	2.2066239369296446e-8
0.008999999612569809	2.159529680088552e-8
0.009200000204145908	2.1136433136159964e-8
0.009399999864399433	2.0636351931879496e-8
0.009600000455975533	2.0171705229797384e-8
0.009800000116229057	1.974186930302706e-8
0.009999999776482582	1.9331942318266104e-8
0.010200000368058681	1.8947468937802968e-8
0.010400000028312206	1.8594873639145285e-8
0.010599999688565731	1.8238106627216467e-8
0.01080000028014183	1.7888518624513627e-8
0.010999999940395355	1.7529705165584106e-8
0.01119999960064888	1.721256941440412e-8
0.01140000019222498	1.6897306201251578e-8
0.011599999852478504	1.6609600689450292e-8
0.011800000444054604	1.63194536944004e-8
0.012000000104308128	1.6061418694437598e-8
0.012199999764561653	1.5805829582156184e-8
0.012400000356137753	1.5547531043372935e-8
0.012600000016391277	1.5300615871970013e-8
0.012799999676644802	1.5069867003942448e-8
0.013000000268220901	1.4842351488117786e-8
0.013199999928474426	1.4624432601648577e-8
0.013399999588727951	1.4407605161074231e-8
0.01360000018030405	1.4197922232259517e-8
0.013799999840557575	1.4000289543406466e-8
0.014000000432133675	1.3807363322392665e-8
0.0142000000923872	1.3620086047806561e-8
0.014399999752640724	1.3432671873627229e-8
0.014600000344216824	1.3253624956070921e-8
0.014800000004470348	1.3077027147704155e-8
0.014999999664723873	1.2911487359935789e-8
0.015200000256299973	1.2744961669590075e-8
0.015399999916553497	1.258488171734605e-8
0.015599999576807022	1.2430084852013539e-8
0.015799999237060547	1.2283247780546478e-8
0.01600000075995922	1.213830682677556e-8
0.016200000420212746	1.1997881423140548e-8
0.01640000008046627	1.1863403216507763e-8
0.016599999740719795	1.1729211030907833e-8
0.01679999940097332	1.1600078908264079e-8
0.017000000923871994	1.1472597755142528e-8
0.01720000058412552	1.134858019014363e-8
0.017400000244379044	1.1226596856185178e-8
0.01759999990463257	1.1111014455780398e-8
0.017799999564886093	1.0996756001160148e-8
0.017999999225139618	1.0886503064664357e-8
0.018200000748038292	1.0778224998482778e-8
0.018400000408291817	1.0671206090889025e-8
0.01860000006854534	1.0566930166989024e-8
0.018799999728798866	1.0465660168769938e-8
0.01899999938905239	1.0366858043435726e-8
0.019200000911951065	1.0270312293938112e-8
0.01940000057220459	1.0175340785624032e-8
0.019600000232458115	1.0082914486737242e-8
0.01979999989271164	9.99255590395498e-9
0.019999999552965164	9.904231695218391e-9
0.02019999921321869	9.817865143897397e-9
0.020400000736117363	9.73348471507968e-9
0.020600000396370888	9.650617942863204e-9
0.020800000056624413	9.570265445294505e-9
0.020999999716877937	9.491150107268084e-9
0.021199999377131462	9.413885449347487e-9
0.021400000900030136	9.33814628763979e-9
0.02160000056028366	9.264131668115035e-9
0.021800000220537186	9.191760324965891e-9
0.02199999988079071	9.120642620045916e-9
0.022199999541044235	9.05106356380047e-9
0.02239999920129776	8.983126122826488e-9
0.022600000724196434	8.91658257171061e-9
0.02280000038444996	8.851164223198421e-9
0.023000000044703484	8.787034716078248e-9
0.02319999970495701	8.72414867762147e-9
0.023399999365210533	8.662688522209112e-9
0.023600000888109207	8.60218409347786e-9
0.023800000548362732	8.543018865581786e-9
0.024000000208616257	8.48497656817916e-9
0.02419999986886978	8.428054590616037e-9
0.024399999529123306	8.372345816342304e-9
0.02459999918937683	8.317858369000333e-9
0.024800000712275505	8.264178210462277e-9
0.02500000037252903	8.211453068461002e-9
0.025200000032782555	8.159795080279919e-9
0.02539999969303608	8.109081675728378e-9
0.025599999353289604	8.059260787445716e-9
0.025800000876188278	8.010405659321027e-9
0.026000000536441803	7.962523017040551e-9
0.026200000196695328	7.915518491677668e-9
0.026399999856948853	7.869275412953416e-9
0.026599999517202377	7.823845810752814e-9
0.026799999177455902	7.779370415223214e-9
0.027000000700354576	7.73562696451595e-9
0.0272000003606081	7.692667044469112e-9
0.027400000020861626	7.65054266009226e-9
0.02759999968111515	7.609062858828983e-9
0.027799999341368675	7.568487025100864e-9
0.02800000086426735	7.528711497066597e-9
0.028200000524520874	7.489596963569523e-9
0.0284000001847744	7.451141193423066e-9
0.028599999845027924	7.413463820364498e-9
0.02879999950528145	7.376440765124783e-9
0.028999999165534973	7.3399913460534465e-9
0.029200000688433647	7.3042581580102284e-9
0.029400000348687172	7.269161817916155e-9
0.029600000008940697	7.23466259638241e-9
0.02979999966919422	7.200723082835029e-9
0.029999999329447746	7.167394835228762e-9
0.03020000085234642	7.134706208271007e-9
0.030400000512599945	7.1026261550479176e-9
0.03060000017285347	7.071091684204882e-9
0.030799999833106995	7.040088274380577e-9
0.03099999949336052	7.009665994668254e-9
0.031199999153614044	6.979792375576142e-9
0.03139999881386757	6.9503920158298565e-9
0.031599998474121094	6.92156372135012e-9
0.03180000185966492	6.893211402670555e-9
0.03200000151991844	6.8653747661981544e-9
0.03220000118017197	6.838046898853948e-9
0.03240000084042549	6.8112074245975536e-9
0.032600000500679016	6.784842932457343e-9
0.03280000016093254	6.758921859131469e-9
0.032999999821186066	6.7334891286002794e-9
0.03319999948143959	6.708488373181491e-9
0.033399999141693115	6.683968726150327e-9
0.03359999880194664	6.659888499618611e-9
0.033799998462200165	6.636225874087377e-9
0.03400000184774399	6.613015181883002e-9
0.03420000150799751	6.5902101518568565e-9
0.03440000116825104	6.567830020749808e-9
0.03460000082850456	6.545890142841067e-9
0.03480000048875809	6.524312395875948e-9
0.03500000014901161	6.50315549523804e-9
0.03519999980926514	6.482376973327978e-9
0.03539999946951866	6.462014990631594e-9
0.035599999129772186	6.442032871563395e-9
0.03579999879002571	6.422435622324479e-9
0.035999998450279236	6.40320162863317e-9
0.03620000183582306	6.384323797374808e-9
0.036400001496076584	6.365823521300577e-9
0.03660000115633011	6.347682283217981e-9
0.03680000081658363	6.329893408158074e-9
0.03700000047683716	6.312447826312027e-9
0.03720000013709068	6.295345581580485e-9
0.03739999979734421	6.278584435861048e-9
0.03759999945759773	6.26217902770242e-9
0.03779999911785126	6.246091648409273e-9
0.03799999877810478	6.230337473423202e-9
0.03819999843835831	6.214908495256546e-9
0.03840000182390213	6.199788771039816e-9
0.038600001484155655	6.184997442679586e-9
0.03880000114440918	6.170530773738233e-9
0.039000000804662704	6.15637036909351e-9
0.03920000046491623	6.1425010827373335e-9
0.039400000125169754	6.128947136009241e-9
0.03959999978542328	6.115700534790416e-9
0.039799999445676804	6.1027475128977995e-9
0.03999999910593033	6.090093665475892e-9
0.04019999876618385	6.077738119813815e-9
0.04039999842643738	6.065667639566841e-9
0.0406000018119812	6.053878505319251e-9
0.040800001472234726	6.042386169810154e-9
0.04100000113248825	6.031163544484781e-9
0.041200000792741776	6.0202369980819855e-9
0.0414000004529953	6.00958079786958e-9
0.041600000113248825	5.999201200105675e-9
0.04179999977350235	5.989094068458558e-9
0.041999999433755875	5.97925314795137e-9
0.0421999990940094	5.9696870624322775e-9
0.042399998754262924	5.960389128594426e-9
0.04259999841451645	5.951352979556742e-9
0.04280000180006027	5.942586986611604e-9
0.0430000014603138	5.934074159065944e-9
0.04320000112056732	5.92582554740951e-9
0.04340000078082085	5.917831629859922e-9
0.04360000044107437	5.9100929900481854e-9
0.043800000101327896	5.902607000787815e-9
0.04399999976158142	5.895376394373783e-9
0.044199999421834946	5.888397413549393e-9
0.04439999908208847	5.881666373457654e-9
0.044599998742341995	5.875186198454386e-9
0.04479999840259552	5.868951429887001e-9
0.04500000178813934	5.862960392492351e-9
0.04520000144839287	5.857214504997501e-9
0.04540000110864639	5.851710875193546e-9
0.04560000076889992	5.846453277546898e-9
0.04580000042915344	5.84143671808164e-9
0.04600000008940697	5.836661642053121e-9
0.04619999974966049	5.832125252741121e-9
0.04639999940991402	5.827827628755313e-9
0.04659999907016754	5.8237640344415985e-9
0.046799998730421066	5.819933943318375e-9
0.04699999839067459	5.816342543355471e-9
0.047200001776218414	5.8129868021986994e-9
0.04740000143647194	5.8098652425629974e-9
0.047600001096725464	5.806979888114322e-9
0.04780000075697899	5.80432405081092e-9
0.04800000041723251	5.801899413887181e-9
0.04820000007748604	5.799709214545267e-9
0.04839999973773956	5.797750143787936e-9
0.04859999939799309	5.796025573698865e-9
0.04879999905824661	5.794529986622217e-9
0.04899999871850014	5.7932695663180286e-9
0.04919999837875366	5.792232176303383e-9
0.049400001764297485	5.791425695886713e-9
0.04960000142455101	5.790851094443325e-9
0.049800001084804535	5.790506077956553e-9
