0.0	9.014185551377346e-8
9.999999747378752e-5	1.0082661172643883e-7
0.00019999999494757503	1.5190425328971682e-7
0.0003000000142492354	1.6242410210655465e-7
0.00039999998989515007	2.0150733085419105e-7
0.0005000000237487257	2.1077258899605722e-7
0.0006000000284984708	1.7366363353186692e-7
0.000699999975040555	1.4722568997966249e-7
0.0007999999797903001	1.9364463628980178e-7
0.0008999999845400453	1.5862718551074214e-7
0.0010000000474974513	1.5998568437699862e-7
0.0010999999940395355	1.5774169558055833e-7
0.0012000000569969416	1.173752883993729e-7
0.0013000000035390258	1.3337315659231944e-7
0.00139999995008111	1.434111820237916e-7
0.001500000013038516	1.4985804177825266e-7
0.0015999999595806003	1.364521797974547e-7
0.0017000000225380063	1.1650224714949336e-7
0.0017999999690800905	1.2493322105740065e-7
0.0019000000320374966	1.168192220660613e-7
0.0020000000949949026	1.0392827522642356e-7
0.002099999925121665	1.0001304672210952e-7
0.002199999988079071	1.0579552639757865e-7
0.002300000051036477	9.465894665305817e-8
0.002400000113993883	8.70950426008985e-8
0.0024999999441206455	8.364727955107641e-8
0.0026000000070780516	7.554400780376156e-8
0.0027000000700354576	8.01892656581713e-8
0.00279999990016222	7.073303937411918e-8
0.002899999963119626	6.647095849305434e-8
0.003000000026077032	7.034398835870577e-8
0.003100000089034438	7.366635238792097e-8
0.0031999999191612005	6.125871028908616e-8
0.0032999999821186066	6.384859998807443e-8
0.0034000000450760126	5.971268167174694e-8
0.0035000001080334187	5.5185117568517134e-8
0.003599999938160181	5.5915321806312104e-8
0.003700000001117587	5.358920044954736e-8
0.003800000064074993	5.38329776977258e-8
0.0038999998942017555	5.2990738441392916e-8
0.004000000189989805	5.211734120916906e-8
0.004100000020116568	5.163730548921046e-8
0.00419999985024333	4.9429440421151836e-8
0.00430000014603138	4.916749538833372e-8
0.004399999976158142	4.617411451640081e-8
0.0044999998062849045	4.5920788654182534e-8
0.004600000102072954	4.312985283003649e-8
0.004699999932199717	4.289924553537357e-8
0.004800000227987766	4.2369627020999983e-8
0.004900000058114529	4.066665844340716e-8
0.004999999888241291	3.994949473286401e-8
0.005100000184029341	4.021055817658179e-8
0.005200000014156103	3.874155034562546e-8
0.0052999998442828655	3.770664772041888e-8
0.005400000140070915	3.727606527941125e-8
0.005499999970197678	3.625410717647386e-8
0.00559999980032444	3.569755388270647e-8
0.00570000009611249	3.537313322490021e-8
0.005799999926239252	3.451960188645438e-8
0.005900000222027302	3.348040073613234e-8
0.006000000052154064	3.280263554105217e-8
0.006099999882280827	3.241267884874974e-8
0.006200000178068876	3.141846572515769e-8
0.006300000008195639	3.077767617526937e-8
0.006399999838322401	3.029346949474302e-8
0.006500000134110451	2.980293269274119e-8
0.006599999964237213	2.958697431163529e-8
0.0066999997943639755	2.8931458590637748e-8
0.006800000090152025	2.828205590414396e-8
0.006899999920278788	2.801173048695924e-8
0.007000000216066837	2.759263367562598e-8
0.0071000000461936	2.7082284174272048e-8
0.007199999876320362	2.659761247657478e-8
0.007300000172108412	2.6274981287606748e-8
0.007400000002235174	2.5964300361454932e-8
0.007499999832361937	2.5513308004924365e-8
0.007600000128149986	2.513708468720463e-8
0.007699999958276749	2.4603982269282707e-8
0.007799999788403511	2.4265595261124985e-8
0.007899999618530273	2.3952992025882614e-8
0.00800000037997961	2.3552880535917296e-8
0.008100000210106373	2.3318727888482055e-8
0.008200000040233135	2.3056198792472268e-8
0.008299999870359898	2.2769327684705815e-8
0.00839999970048666	2.247171132629601e-8
0.008500000461935997	2.2165238642924675e-8
0.00860000029206276	2.195774744116659e-8
0.008700000122189522	2.18153073492975e-8
0.008799999952316284	2.150973628439618e-8
0.008899999782443047	2.124053577950332e-8
0.008999999612569809	2.1014062184165724e-8
0.009100000374019146	2.0779749485432022e-8
0.009200000204145908	2.0518549383302524e-8
0.00930000003427267	2.024690723309201e-8
0.009399999864399433	2.0039129727832763e-8
0.009499999694526196	1.9844414833691363e-8
0.009600000455975533	1.9657882185209953e-8
0.009700000286102295	1.940554893068754e-8
0.009800000116229057	1.9199607833353137e-8
0.00989999994635582	1.8984821948309014e-8
0.009999999776482582	1.8793141939146464e-8
0.010099999606609344	1.8606698163932932e-8
0.010200000368058681	1.8413239308815842e-8
0.010300000198185444	1.8200127441958487e-8
0.010400000028312206	1.7986987635142292e-8
0.010499999858438969	1.7783333437548102e-8
0.010599999688565731	1.761820115960406e-8
0.010700000450015068	1.7440000178629256e-8
0.01080000028014183	1.7286965307662037e-8
0.010900000110268593	1.7115827911877578e-8
0.010999999940395355	1.6965119329668275e-8
0.011099999770522118	1.683605457853195e-8
0.01119999960064888	1.6673171584858606e-8
0.011300000362098217	1.653201774281464e-8
0.01140000019222498	1.638986912597284e-8
0.011500000022351742	1.6241295422353128e-8
0.011599999852478504	1.6102073253269585e-8
0.011699999682605267	1.5950120854845432e-8
0.011800000444054604	1.579189173598414e-8
0.011900000274181366	1.5653776562759522e-8
0.012000000104308128	1.552954691026875e-8
0.01209999993443489	1.538721722440496e-8
0.012199999764561653	1.52596411339601e-8
0.012299999594688416	1.5122840863382067e-8
0.012400000356137753	1.499971411641982e-8
0.012500000186264515	1.488452823460794e-8
0.012600000016391277	1.4764495199737898e-8
0.01269999984651804	1.464746072842002e-8
0.012799999676644802	1.4534045515198919e-8
0.012900000438094139	1.4417254039849852e-8
0.013000000268220901	1.4311772722595889e-8
0.013100000098347664	1.4198219924709744e-8
0.013199999928474426	1.4094535489591744e-8
0.013299999758601189	1.3990568264663776e-8
0.013399999588727951	1.389635228221767e-8
0.013500000350177288	1.3797789932278152e-8
0.01360000018030405	1.3697874162261044e-8
0.013700000010430813	1.3593214425119823e-8
0.013799999840557575	1.3486770635906375e-8
0.013899999670684338	1.3389064497954795e-8
0.014000000432133675	1.3292846041532744e-8
0.014100000262260437	1.3198693004050817e-8
0.0142000000923872	1.310892778847312e-8
0.014299999922513962	1.3017259080055928e-8
0.014399999752640724	1.2928315854696482e-8
0.014499999582767487	1.2839849484432244e-8
0.014600000344216824	1.2762900671373543e-8
0.014700000174343586	1.2685129775208054e-8
0.014800000004470348	1.2597772762804181e-8
0.01489999983459711	1.2514837738004492e-8
0.014999999664723873	1.2432983491870491e-8
0.01510000042617321	1.2354975724173215e-8
0.015200000256299973	1.227852282865131e-8
0.015300000086426735	1.2203265781010589e-8
0.015399999916553497	1.2127414275457788e-8
0.01549999974668026	1.205468189873585e-8
0.015599999576807022	1.1978989180194628e-8
0.015699999406933784	1.1911133997667195e-8
0.015799999237060547	1.1839317028647428e-8
0.01590000092983246	1.1768746697259099e-8
0.01600000075995922	1.169794642954936e-8
0.016100000590085983	1.1630798525868842e-8
0.016200000420212746	1.1563340282018412e-8
0.016300000250339508	1.149528302323654e-8
0.01640000008046627	1.1428492635083734e-8
0.016499999910593033	1.1363508512066797e-8
0.016599999740719795	1.1300085094979175e-8
0.016699999570846558	1.1235033801648555e-8
0.01679999940097332	1.117487072000567e-8
0.016899999231100082	1.1112625533642818e-8
0.017000000923871994	1.105074489849483e-8
0.017100000753998756	1.0991536062918207e-8
0.01720000058412552	1.093192806982274e-8
0.01730000041425228	1.0873212921545098e-8
0.017400000244379044	1.0814968034157056e-8
0.017500000074505806	1.0758346721950317e-8
0.01759999990463257	1.0702281682230302e-8
0.01769999973475933	1.0646644416904511e-8
0.017799999564886093	1.0592168901825294e-8
0.017899999395012856	1.0537214291740404e-8
0.017999999225139618	1.0484668411575936e-8
0.01810000091791153	1.0430822327970772e-8
0.018200000748038292	1.0378912610220022e-8
0.018300000578165054	1.0326343461199932e-8
0.018400000408291817	1.0275853310539871e-8
0.01850000023841858	1.0225785575310797e-8
0.01860000006854534	1.017636357344657e-8
0.018699999898672104	1.0126351571832012e-8
0.018799999728798866	1.0076662341466675e-8
0.01889999955892563	1.0027352406668982e-8
0.01899999938905239	9.980029783651409e-9
0.019099999219179153	9.933358209287756e-9
0.019200000911951065	9.887655462049374e-9
0.019300000742077827	9.840956368332184e-9
0.01940000057220459	9.795751528599904e-9
0.019500000402331352	9.751064209163634e-9
0.019600000232458115	9.706527793339572e-9
0.019700000062584877	9.663417173956992e-9
0.01979999989271164	9.620485381076813e-9
0.019899999722838402	9.577520407476602e-9
0.019999999552965164	9.535531866538488e-9
0.020099999383091927	9.494134831349764e-9
0.02019999921321869	9.452746758625518e-9
0.0203000009059906	9.41170941496101e-9
0.020400000736117363	9.37143429215147e-9
0.020500000566244125	9.331530121816542e-9
0.020600000396370888	9.292065043450902e-9
0.02070000022649765	9.253126124762218e-9
0.020800000056624413	9.213471289512532e-9
0.020899999886751175	9.174923661236687e-9
0.020999999716877937	9.136827621850529e-9
0.0210999995470047	9.099482941162272e-9
0.021199999377131462	9.06296731467455e-9
0.021299999207258224	9.026431011450202e-9
0.021400000900030136	8.990297836940636e-9
0.0215000007301569	8.954528195872084e-9
0.02160000056028366	8.919083327152455e-9
0.021700000390410423	8.884067817447147e-9
0.021800000220537186	8.849349376307556e-9
0.021900000050663948	8.814787158577129e-9
0.02199999988079071	8.780718829399561e-9
0.022099999710917473	8.747329322673856e-9
0.022199999541044235	8.713735723076319e-9
0.022299999371170998	8.680912547459672e-9
0.02239999920129776	8.647970030349559e-9
0.02250000089406967	8.615285029884242e-9
0.022600000724196434	8.583450852164621e-9
0.022700000554323196	8.55158923373674e-9
0.02280000038444996	8.520030055868373e-9
0.02290000021457672	8.489035819892945e-9
0.023000000044703484	8.458508723554377e-9
0.023099999874830246	8.42804701596936e-9
0.02319999970495701	8.397703693741244e-9
0.02329999953508377	8.367979302090774e-9
0.023399999365210533	8.338589563202246e-9
0.023499999195337296	8.309282272606969e-9
0.023600000888109207	8.280630593029102e-9
0.02370000071823597	8.252142402952213e-9
0.023800000548362732	8.223668931510046e-9
0.023900000378489494	8.195341082494052e-9
0.024000000208616257	8.16751252591923e-9
0.02410000003874302	8.139859736253257e-9
0.02419999986886978	8.112653567578393e-9
0.024299999698996544	8.085594210584524e-9
0.024399999529123306	8.058560090594662e-9
0.02449999935925007	8.031859471367572e-9
0.02459999918937683	8.005406123578302e-9
0.024700000882148743	7.979190956020927e-9
0.024800000712275505	7.953619577075764e-9
0.024900000542402267	7.928104345842525e-9
0.02500000037252903	7.902555322514778e-9
0.025100000202655792	7.87741041307788e-9
0.025200000032782555	7.852665245568267e-9
0.025299999862909317	7.828051959925726e-9
0.02539999969303608	7.803896817179827e-9
0.025499999523162842	7.779808649827474e-9
0.025599999353289604	7.756044804590617e-9
0.025699999183416367	7.732470701678955e-9
0.025800000876188278	7.709057449831544e-9
0.02590000070631504	7.685809999566518e-9
0.026000000536441803	7.662810923019912e-9
0.026100000366568565	7.64004651917544e-9
0.026200000196695328	7.617483059719242e-9
0.02630000002682209	7.595210457979497e-9
0.026399999856948853	7.573013691527165e-9
0.026499999687075615	7.550905509525839e-9
0.026599999517202377	7.529052892604745e-9
0.02669999934732914	7.507537239327913e-9
0.026799999177455902	7.486251541515418e-9
0.026900000870227814	7.4651668953389e-9
0.027000000700354576	7.444221058763834e-9
0.02710000053048134	7.423438300302554e-9
0.0272000003606081	7.402787786159006e-9
0.027300000190734863	7.3823793965571946e-9
0.027400000020861626	7.362183266592957e-9
0.027499999850988388	7.342192262028151e-9
0.02759999968111515	7.322360303576451e-9
0.027699999511241913	7.3027434585462475e-9
0.027799999341368675	7.283156324846036e-9
0.027899999171495438	7.263888690290552e-9
0.02800000086426735	7.2447434674267126e-9
0.02810000069439411	7.225716749700914e-9
0.028200000524520874	7.206862475687161e-9
0.028300000354647636	7.188315827182331e-9
0.0284000001847744	7.169841476620505e-9
0.02850000001490116	7.151568406625128e-9
0.028599999845027924	7.133423143289105e-9
0.028699999675154686	7.11546246196061e-9
0.02879999950528145	7.097763439535654e-9
0.02889999933540821	7.0801748007466974e-9
0.028999999165534973	7.0627121855757926e-9
0.029100000858306885	7.045376645629045e-9
0.029200000688433647	7.0282125566300545e-9
0.02930000051856041	7.011266413185076e-9
0.029400000348687172	6.9943847857886374e-9
0.029500000178813934	6.977617281240048e-9
0.029600000008940697	6.96104341321485e-9
0.02969999983906746	6.944645959034385e-9
0.02979999966919422	6.928388628316162e-9
0.029899999499320984	6.912251171494379e-9
0.029999999329447746	6.89628354411448e-9
0.03009999915957451	6.88054600807602e-9
0.03020000085234642	6.8648220254088e-9
0.030300000682473183	6.849303128159055e-9
0.030400000512599945	6.833883694618074e-9
0.030500000342726707	6.818622264078125e-9
0.03060000017285347	6.803536712830832e-9
0.030700000002980232	6.788564466992296e-9
0.030799999833106995	6.7736390498045834e-9
0.030899999663233757	6.758941295001442e-9
0.03099999949336052	6.74434487681049e-9
0.031099999323487282	6.729919045497094e-9
0.031199999153614044	6.715593204007833e-9
0.031300000846385956	6.7013612148662315e-9
0.03139999881386757	6.687277200873544e-9
0.03150000050663948	6.673330985312516e-9
0.031599998474121094	6.659425188963412e-9
0.031700000166893005	6.6457099349628886e-9
0.03180000185966492	6.632144016166107e-9
0.03189999982714653	6.618700864869415e-9
0.03200000151991844	6.605326649668038e-9
0.032099999487400055	6.592079902186428e-9
0.03220000118017197	6.578953157338634e-9
0.03229999914765358	6.56592464747791e-9
0.03240000084042549	6.553072510106172e-9
0.032499998807907104	6.540282510463558e-9
0.032600000500679016	6.527624242471495e-9
0.03269999846816063	6.515089849427097e-9
0.03280000016093254	6.502671412586735e-9
0.03290000185370445	6.490363586931143e-9
0.032999999821186066	6.47813275131371e-9
0.03310000151395798	6.4660275391501584e-9
0.03319999948143959	6.454026994274827e-9
0.0333000011742115	6.4421560951574225e-9
0.033399999141693115	6.430371620388652e-9
0.03350000083446503	6.418686192665869e-9
0.03359999880194664	6.4071437395239406e-9
0.03370000049471855	6.395724365849275e-9
0.033799998462200165	6.384388839127141e-9
0.033900000154972076	6.373187112339792e-9
0.03400000184774399	6.362096152877823e-9
0.0340999998152256	6.351080163156516e-9
0.03420000150799751	6.340185378603866e-9
0.034299999475479126	6.329354839104919e-9
0.03440000116825104	6.318612071182925e-9
0.03449999913573265	6.307982104403978e-9
0.03460000082850456	6.297467858837404e-9
0.034699998795986176	6.287044959142681e-9
0.03480000048875809	6.276697522921787e-9
0.0348999984562397	6.266477441142255e-9
0.03500000014901161	6.256331268998784e-9
0.035100001841783524	6.246264484345343e-9
0.03519999980926514	6.236308989993902e-9
0.03530000150203705	6.226465710583107e-9
0.03539999946951866	6.216695811556339e-9
0.03550000116229057	6.20702374257658e-9
0.035599999129772186	6.197440012870719e-9
0.0357000008225441	6.1879596760753444e-9
0.03579999879002571	6.178552468362387e-9
0.03590000048279762	6.169235219140729e-9
0.035999998450279236	6.160002197246038e-9
0.03610000014305115	6.150846645427956e-9
0.03620000183582306	6.141802557591731e-9
0.03629999980330467	6.132845035624556e-9
0.036400001496076584	6.123985996332567e-9
0.0364999994635582	6.115203532244821e-9
0.03660000115633011	6.1064985441053475e-9
0.03669999912381172	6.097894163996215e-9
0.03680000081658363	6.089366122839381e-9
0.03689999878406525	6.0809019996953736e-9
0.03700000047683716	6.072541028176369e-9
0.03709999844431877	6.064256645126129e-9
0.03720000013709068	6.0560548106131415e-9
0.037300001829862595	6.0479419468679885e-9
0.03739999979734421	6.0399020960606186e-9
0.03750000149011612	6.0319477335267235e-9
0.03759999945759773	6.024070193750258e-9
0.037700001150369644	6.016279246095876e-9
0.03779999911785126	6.00856838702973e-9
0.03790000081062317	6.000933821148759e-9
0.03799999877810478	5.993388385947483e-9
0.038100000470876694	5.985914492308929e-9
0.03819999843835831	5.978524234643852e-9
0.03830000013113022	5.971209676681609e-9
0.03840000182390213	5.9639735651325384e-9
0.03849999979138374	5.956813731167548e-9
0.038600001484155655	5.9497203199147485e-9
0.03869999945163727	5.942707973634077e-9
0.03880000114440918	5.935785581282734e-9
0.03889999911189079	5.928922577209838e-9
0.039000000804662704	5.922144856170811e-9
0.03909999877214432	5.9154341291400855e-9
0.03920000046491623	5.908791752801783e-9
0.03929999843239784	5.9022374849114805e-9
0.039400000125169754	5.895754168142979e-9
0.039500001817941666	5.889334511806902e-9
0.03959999978542328	5.882987160553698e-9
0.03970000147819519	5.876706306316888e-9
0.039799999445676804	5.870513263097398e-9
0.039900001138448715	5.864391845927655e-9
0.03999999910593033	5.858330046453184e-9
0.04010000079870224	5.852345623881482e-9
0.04019999876618385	5.8464214939868314e-9
0.040300000458955765	5.8405730083890155e-9
0.04039999842643738	5.834797711565085e-9
0.04050000011920929	5.829084137603704e-9
0.0406000018119812	5.823438974822682e-9
0.040699999779462814	5.817875566717447e-9
0.040800001472234726	5.812368071463234e-9
0.04089999943971634	5.806929339260105e-9
0.04100000113248825	5.801561184221095e-9
0.041099999099969864	5.7962698148958886e-9
0.041200000792741776	5.7910454849561696e-9
0.04129999876022339	5.785873672905326e-9
0.0414000004529953	5.780774322564455e-9
0.04149999842047691	5.77574710437799e-9
0.041600000113248825	5.770785819108101e-9
0.04170000180602074	5.765884167652947e-9
0.04179999977350235	5.761055003231828e-9
0.04190000146627426	5.756291028503132e-9
0.041999999433755875	5.7515885286816386e-9
0.042100001126527786	5.746954174627801e-9
0.0421999990940094	5.7423812723756535e-9
0.04230000078678131	5.737873473203615e-9
0.042399998754262924	5.733422706481161e-9
0.042500000447034836	5.729044603505283e-9
0.04259999841451645	5.724720688735579e-9
0.04270000010728836	5.720462820513571e-9
0.04280000180006027	5.716272175955401e-9
0.042899999767541885	5.712139882260071e-9
0.0430000014603138	5.708074953785466e-9
0.04309999942779541	5.704073015433244e-9
0.04320000112056732	5.700127005893873e-9
0.043299999088048935	5.696248464307838e-9
0.04340000078082085	5.692428816894089e-9
0.04349999874830246	5.688672514458271e-9
0.04360000044107437	5.684974769668125e-9
0.043699998408555984	5.681342896483912e-9
0.043800000101327896	5.677769709639294e-9
0.04390000179409981	5.674258739908449e-9
0.04399999976158142	5.670804082045144e-9
0.04410000145435333	5.667411832245319e-9
0.044199999421834946	5.664081960492951e-9
0.04430000111460686	5.6608098788230985e-9
0.04439999908208847	5.657600597429978e-9
0.04450000077486038	5.654450343102228e-9
0.044599998742341995	5.6513598984300966e-9
0.04470000043511391	5.648326732347168e-9
0.04479999840259552	5.645354142166027e-9
0.04490000009536743	5.642441844125459e-9
0.04500000178813934	5.63958307278968e-9
0.045099999755620956	5.636784515272261e-9
0.04520000144839287	5.6340488433488624e-9
0.04529999941587448	5.6313701550949344e-9
0.04540000110864639	5.6287538067433554e-9
0.045499999076128006	5.626189931965578e-9
0.04560000076889992	5.623682037244384e-9
0.04569999873638153	5.621234236084787e-9
0.04580000042915344	5.618845396172083e-9
0.045899998396635056	5.616517483950086e-9
0.04600000008940697	5.614246297725233e-9
0.04610000178217888	5.6120287576080286e-9
0.04619999974966049	5.609868111521347e-9
0.046300001442432404	5.607768375515112e-9
0.04639999940991402	5.605723719917696e-9
0.04650000110268593	5.603743092690924e-9
0.04659999907016754	5.601817722101146e-9
0.04670000076293945	5.599949119348147e-9
0.046799998730421066	5.5981341008468035e-9
0.04690000042319298	5.596381399903133e-9
0.04699999839067459	5.594679580399432e-9
0.0471000000834465	5.593036323605593e-9
0.047200001776218414	5.591448156558815e-9
0.04729999974370003	5.589918124703311e-9
0.04740000143647194	5.588441933025098e-9
0.04749999940395355	5.58702357731069e-9
0.047600001096725464	5.585662369471735e-9
0.04769999906420708	5.5843581530223084e-9
0.04780000075697899	5.5831098894234715e-9
0.0478999987244606	5.581916891619368e-9
0.04800000041723251	5.580779487265315e-9
0.04809999838471413	5.579697319665859e-9
0.04820000007748604	5.578669050669158e-9
0.04830000177025795	5.5776974083777215e-9
0.04839999973773956	5.5767821313034675e-9
0.048500001430511475	5.575924278293868e-9
0.04859999939799309	5.57511923326778e-9
0.048700001090765	5.574370163612738e-9
0.04879999905824661	5.573677811496731e-9
0.048900000751018524	5.5730422203337976e-9
0.04899999871850014	5.57246171683054e-9
0.04910000041127205	5.5719348761197e-9
0.04919999837875366	5.571461717247943e-9
0.049300000071525574	5.571045991163992e-9
0.049400001764297485	5.5706872003526795e-9
0.0494999997317791	5.5703864923814916e-9
0.04960000142455101	5.5701386475413354e-9
0.04969999939203262	5.569945105781178e-9
0.049800001084804535	5.56980648231678e-9
0.04989999905228615	5.5697229287287385e-9
