0.0	1.6054549872176627e-7
0.00019999999494757503	1.8113141126878115e-7
0.00039999998989515007	2.8419079476792243e-7
0.0006000000284984708	2.3650521905241023e-7
0.0007999999797903001	1.7476118101371982e-7
0.0010000000474974513	1.7757731618357524e-7
0.0012000000569969416	1.3983329298591142e-7
0.00139999995008111	1.2868850315188457e-7
0.0015999999595806003	1.239212213977738e-7
0.0017999999690800905	1.1636853322007385e-7
0.0020000000949949026	9.462203035243155e-8
0.002199999988079071	7.922651819372009e-8
0.002400000113993883	7.818480559277102e-8
0.0026000000070780516	7.756686091922636e-8
0.00279999990016222	6.939442051385266e-8
0.003000000026077032	6.497773636543332e-8
0.0031999999191612005	6.287937618254864e-8
0.0034000000450760126	5.942030712427937e-8
0.003599999938160181	5.2682405015163585e-8
0.003800000064074993	4.9176581642348825e-8
0.004000000189989805	4.585264901423382e-8
0.00419999985024333	4.455414222593839e-8
0.004399999976158142	4.444965795280388e-8
0.004600000102072954	4.190704886580402e-8
0.004800000227987766	3.9992662617662835e-8
0.004999999888241291	3.7326694801154184e-8
0.005200000014156103	3.623921844052617e-8
0.005400000140070915	3.5090795766731124e-8
0.00559999980032444	3.29893207866853e-8
0.005799999926239252	3.227554357137538e-8
0.006000000052154064	3.1214485905773454e-8
0.006200000178068876	2.998114312186685e-8
0.006399999838322401	2.9142335027727605e-8
0.006599999964237213	2.8340429253247355e-8
0.006800000090152025	2.720338390323223e-8
0.007000000216066837	2.6191572551852748e-8
0.007199999876320362	2.5634914409775462e-8
0.007400000002235174	2.4898592462389875e-8
0.007600000128149986	2.4067807180593243e-8
0.007799999788403511	2.3387532831923968e-8
0.00800000037997961	2.2793819643103046e-8
0.008200000040233135	2.2241299188766844e-8
0.00839999970048666	2.1659106519540813e-8
0.00860000029206276	2.1096730757569192e-8
0.008799999952316284	2.0599729002017764e-8
0.008999999612569809	2.008488567764177e-8
0.009200000204145908	1.966215244410243e-8
0.009399999864399433	1.9195322952411583e-8
0.009600000455975533	1.8760898384427682e-8
0.009800000116229057	1.8359828142937414e-8
0.009999999776482582	1.801645133145152e-8
0.010200000368058681	1.762902046271569e-8
0.010400000028312206	1.724829082107691e-8
0.010599999688565731	1.688429593938312e-8
0.01080000028014183	1.6551773824119563e-8
0.010999999940395355	1.624532737497798e-8
0.01119999960064888	1.5952360988688142e-8
0.01140000019222498	1.5641620902910086e-8
0.011599999852478504	1.536304155895596e-8
0.011800000444054604	1.5096579266266796e-8
0.012000000104308128	1.4838298776773105e-8
0.012199999764561653	1.4587725091384077e-8
0.012400000356137753	1.4358943503662246e-8
0.012600000016391277	1.4135340072566811e-8
0.012799999676644802	1.3921032009627422e-8
0.013000000268220901	1.3703061968574871e-8
0.013199999928474426	1.3504970289973062e-8
0.013399999588727951	1.3309655432925065e-8
0.01360000018030405	1.3116530178608846e-8
0.013799999840557575	1.2932349497363422e-8
0.014000000432133675	1.2756543765286341e-8
0.0142000000923872	1.258259567378554e-8
0.014399999752640724	1.2413394018730463e-8
0.014600000344216824	1.2254715602943507e-8
0.014800000004470348	1.2095367258617227e-8
0.014999999664723873	1.193930265769818e-8
0.015200000256299973	1.1791101423971365e-8
0.015399999916553497	1.1646775820809933e-8
0.015599999576807022	1.1506125162375883e-8
0.015799999237060547	1.1367562948820072e-8
0.01600000075995922	1.1234346716959316e-8
0.016200000420212746	1.1104180129169364e-8
0.01640000008046627	1.0977749362533799e-8
0.016599999740719795	1.0855557280301887e-8
0.01679999940097332	1.0735621366244841e-8
0.017000000923871994	1.0617856415533974e-8
0.01720000058412552	1.050540849237767e-8
0.017400000244379044	1.039435076046603e-8
0.01759999990463257	1.0285176111836699e-8
0.017799999564886093	1.0180539310008403e-8
0.017999999225139618	1.0077810723788613e-8
0.018200000748038292	9.977755450516383e-9
0.018400000408291817	9.88068415347496e-9
0.01860000006854534	9.785456411910686e-9
0.018799999728798866	9.69108798014457e-9
0.01899999938905239	9.599560607295697e-9
0.019200000911951065	9.510499214986146e-9
0.01940000057220459	9.423409882410106e-9
0.019600000232458115	9.337766545346216e-9
0.01979999989271164	9.254332414145438e-9
0.019999999552965164	9.172619679586584e-9
0.02019999921321869	9.093402425811855e-9
0.020400000736117363	9.015303106349313e-9
0.020600000396370888	8.93889433450553e-9
0.020800000056624413	8.864673090649992e-9
0.020999999716877937	8.791620887074593e-9
0.021199999377131462	8.720053301064631e-9
0.021400000900030136	8.649963497545076e-9
0.02160000056028366	8.581470538579226e-9
0.021800000220537186	8.514557636833711e-9
0.02199999988079071	8.448882426205046e-9
0.022199999541044235	8.384802150348955e-9
0.02239999920129776	8.321630172646786e-9
0.022600000724196434	8.259768852656572e-9
0.02280000038444996	8.199385705309998e-9
0.023000000044703484	8.140368134474599e-9
0.02319999970495701	8.081978442422089e-9
0.023399999365210533	8.024688904930009e-9
0.023600000888109207	7.968955592029164e-9
0.023800000548362732	7.914269513104831e-9
0.024000000208616257	7.860695772561568e-9
0.02419999986886978	7.807808142206116e-9
0.024399999529123306	7.756037083061568e-9
0.02459999918937683	7.705537755307894e-9
0.024800000712275505	7.65599495678056e-9
0.02500000037252903	7.607207966190445e-9
0.025200000032782555	7.559265458429139e-9
0.02539999969303608	7.512205757726772e-9
0.025599999353289604	7.466169713748933e-9
0.025800000876188278	7.4209436880378196e-9
0.026000000536441803	7.376560783212487e-9
0.026200000196695328	7.3329605600809776e-9
0.026399999856948853	7.290237650488717e-9
0.026599999517202377	7.248304285420354e-9
0.026799999177455902	7.207137254992989e-9
0.027000000700354576	7.166642370045396e-9
0.0272000003606081	7.127005295859116e-9
0.027400000020861626	7.0880933296688025e-9
0.02759999968111515	7.049785012556162e-9
0.027799999341368675	7.0121546558790405e-9
0.02800000086426735	6.975331374864658e-9
0.028200000524520874	6.939023435922472e-9
0.0284000001847744	6.903392796722822e-9
0.028599999845027924	6.868453036517754e-9
0.02879999950528145	6.834106401129184e-9
0.028999999165534973	6.800319744772261e-9
0.029200000688433647	6.767163641931435e-9
0.029400000348687172	6.734654047114626e-9
0.029600000008940697	6.702667964182269e-9
0.02979999966919422	6.671322530945102e-9
0.029999999329447746	6.640508685584343e-9
0.03020000085234642	6.610142720410195e-9
0.030400000512599945	6.580345044976798e-9
0.03060000017285347	6.551123526533726e-9
0.030799999833106995	6.522439801591868e-9
0.03099999949336052	6.494275004944909e-9
0.031199999153614044	6.4666052786730744e-9
0.03139999881386757	6.439472293323777e-9
0.031599998474121094	6.4128077471453526e-9
0.03180000185966492	6.38658351810504e-9
0.03200000151991844	6.360782395429852e-9
0.03220000118017197	6.335490314897032e-9
0.03240000084042549	6.310559279253766e-9
0.032600000500679016	6.286158784590739e-9
0.03280000016093254	6.26215859265004e-9
0.032999999821186066	6.238627917815902e-9
0.03319999948143959	6.2155235972164756e-9
0.033399999141693115	6.192786800369053e-9
0.03359999880194664	6.170469648010223e-9
0.033799998462200165	6.148581856365297e-9
0.03400000184774399	6.127069609251052e-9
0.03420000150799751	6.105978975032352e-9
0.03440000116825104	6.08524263221174e-9
0.03460000082850456	6.064932881992654e-9
0.03480000048875809	6.044982337291417e-9
0.03500000014901161	6.025399543259921e-9
0.03519999980926514	6.0061648401112905e-9
0.03539999946951866	5.987303864175485e-9
0.035599999129772186	5.968795086979215e-9
0.03579999879002571	5.950632148571031e-9
0.035999998450279236	5.932782853271582e-9
0.03620000183582306	5.915292398720713e-9
0.036400001496076584	5.898135359439963e-9
0.03660000115633011	5.881319956673235e-9
0.03680000081658363	5.864831292005638e-9
0.03700000047683716	5.848667270806515e-9
0.03720000013709068	5.83282193055561e-9
0.03739999979734421	5.817315654886329e-9
0.03759999945759773	5.802111835686904e-9
0.03779999911785126	5.787199460712617e-9
0.03799999877810478	5.772603191694132e-9
0.03819999843835831	5.758311414635399e-9
0.03840000182390213	5.74431697386064e-9
0.038600001484155655	5.730614712826e-9
0.03880000114440918	5.717205725836883e-9
0.039000000804662704	5.704088854736886e-9
0.03920000046491623	5.6912523507288236e-9
0.039400000125169754	5.678701538092652e-9
0.03959999978542328	5.666426124799799e-9
0.039799999445676804	5.6544232274170435e-9
0.03999999910593033	5.642703366514425e-9
0.04019999876618385	5.6312571112581095e-9
0.04039999842643738	5.620082036088501e-9
0.0406000018119812	5.609173517045172e-9
0.040800001472234726	5.598520635776299e-9
0.04100000113248825	5.588133440861693e-9
0.041200000792741776	5.578004381001896e-9
0.0414000004529953	5.5681360939810444e-9
0.041600000113248825	5.558523910564608e-9
0.04179999977350235	5.549162725194076e-9
0.041999999433755875	5.54004832846748e-9
0.0421999990940094	5.53118772740062e-9
0.042399998754262924	5.5225752734208865e-9
0.04259999841451645	5.514204694486964e-9
0.04280000180006027	5.506080879963795e-9
0.0430000014603138	5.4981950445138875e-9
0.04320000112056732	5.4905508885113324e-9
0.04340000078082085	5.483145689416232e-9
0.04360000044107437	5.475976977687925e-9
0.043800000101327896	5.469050189495834e-9
0.04399999976158142	5.462352380828178e-9
0.044199999421834946	5.455884598532067e-9
0.04439999908208847	5.449649656349063e-9
0.044599998742341995	5.443646155433373e-9
0.04479999840259552	5.4378679202812135e-9
0.04500000178813934	5.432319580835532e-9
0.04520000144839287	5.427000975668294e-9
0.04540000110864639	5.421906715697901e-9
0.04560000076889992	5.4170319736622956e-9
0.04580000042915344	5.4123800117861825e-9
0.04600000008940697	5.407955981849042e-9
0.04619999974966049	5.403750877297129e-9
0.04639999940991402	5.399768617425477e-9
0.04659999907016754	5.39600594474468e-9
0.046799998730421066	5.392466061744586e-9
0.04699999839067459	5.389141870813503e-9
0.047200001776218414	5.386034231972781e-9
0.04740000143647194	5.383143115302869e-9
0.047600001096725464	5.3804673668262716e-9
0.04780000075697899	5.378010846229473e-9
0.04800000041723251	5.3757677990812795e-9
0.04820000007748604	5.373736742331617e-9
0.04839999973773956	5.371920206413563e-9
0.04859999939799309	5.370321386516048e-9
0.04879999905824661	5.368934012142686e-9
0.04899999871850014	5.36776188912743e-9
0.04919999837875366	5.366805929226787e-9
0.049400001764297485	5.366059250001789e-9
0.04960000142455101	5.365527658666599e-9
0.049800001084804535	5.365207158176708e-9
