0.0	1.5704569172004495e-7
0.00019999999494757503	1.759225031531051e-7
0.00039999998989515007	1.949676220584945e-7
0.0006000000284984708	1.720375177434069e-7
0.0007999999797903001	1.8000481995048458e-7
0.0010000000474974513	1.6891116715471644e-7
0.0012000000569969416	1.499366194844376e-7
0.00139999995008111	1.1678819084888702e-7
0.0015999999595806003	1.2053016882812525e-7
0.0017999999690800905	1.0864462753260321e-7
0.0020000000949949026	1.164267854224983e-7
0.002199999988079071	9.92382833767362e-8
0.002400000113993883	9.487719029169203e-8
0.0026000000070780516	8.302772393497166e-8
0.00279999990016222	7.54443479563662e-8
0.003000000026077032	7.085139039013512e-8
0.0031999999191612005	6.72011827476722e-8
0.0034000000450760126	6.205815355795177e-8
0.003599999938160181	5.70938281969888e-8
0.003800000064074993	5.6487136751286466e-8
0.004000000189989805	5.502205630438287e-8
0.00419999985024333	5.046281389632406e-8
0.004399999976158142	4.852599768361767e-8
0.004600000102072954	4.565468690871578e-8
0.004800000227987766	4.246135497692288e-8
0.004999999888241291	4.0180606775509665e-8
0.005200000014156103	3.884988262721967e-8
0.005400000140070915	3.654769135846764e-8
0.00559999980032444	3.56281126409671e-8
0.005799999926239252	3.4010667569127296e-8
0.006000000052154064	3.277408627157167e-8
0.006200000178068876	3.169499212904987e-8
0.006399999838322401	3.044788914294084e-8
0.006599999964237213	2.9796948441481e-8
0.006800000090152025	2.8648115302250022e-8
0.007000000216066837	2.7747362623475204e-8
0.007199999876320362	2.680331676568692e-8
0.007400000002235174	2.5929294996565266e-8
0.007600000128149986	2.5169511731195977e-8
0.007799999788403511	2.434040896676926e-8
0.00800000037997961	2.3748633082383254e-8
0.008200000040233135	2.314014233435025e-8
0.00839999970048666	2.2568603506396604e-8
0.00860000029206276	2.202002746345377e-8
0.008799999952316284	2.146055617421011e-8
0.008999999612569809	2.0878173366529707e-8
0.009200000204145908	2.037842190768694e-8
0.009399999864399433	1.9948046915249284e-8
0.009600000455975533	1.947522622944078e-8
0.009800000116229057	1.90843039869789e-8
0.009999999776482582	1.871002614886452e-8
0.010200000368058681	1.8300622245875885e-8
0.010400000028312206	1.7931058568427647e-8
0.010599999688565731	1.7593904698196597e-8
0.01080000028014183	1.7248981813852634e-8
0.010999999940395355	1.693444724948373e-8
0.01119999960064888	1.66255585063687e-8
0.01140000019222498	1.6333799953854083e-8
0.011599999852478504	1.6048653979137528e-8
0.011800000444054604	1.5766955774540725e-8
0.012000000104308128	1.5509238283862135e-8
0.012199999764561653	1.5273404328277403e-8
0.012400000356137753	1.5030021632540812e-8
0.012600000016391277	1.4807927479822344e-8
0.012799999676644802	1.4575651063854036e-8
0.013000000268220901	1.4359308480481369e-8
0.013199999928474426	1.4145897395469328e-8
0.013399999588727951	1.39384240103572e-8
0.01360000018030405	1.3736302914408403e-8
0.013799999840557575	1.3538435621706334e-8
0.014000000432133675	1.3354047701619764e-8
0.0142000000923872	1.317113656753018e-8
0.014399999752640724	1.2997756848148673e-8
0.014600000344216824	1.2827540478876459e-8
0.014800000004470348	1.2662559172985516e-8
0.014999999664723873	1.2505071590568278e-8
0.015200000256299973	1.2351073983335234e-8
0.015399999916553497	1.2198313823876881e-8
0.015599999576807022	1.2050606340387926e-8
0.015799999237060547	1.191074453117455e-8
0.01600000075995922	1.1773045648773484e-8
0.016200000420212746	1.1638802406986762e-8
0.01640000008046627	1.1506232304298143e-8
0.016599999740719795	1.137695834172513e-8
0.01679999940097332	1.125148059492115e-8
0.017000000923871994	1.1129149853929936e-8
0.01720000058412552	1.1010894830382274e-8
0.017400000244379044	1.0895900874517783e-8
0.01759999990463257	1.0783451216216918e-8
0.017799999564886093	1.0674335327668868e-8
0.017999999225139618	1.0565290550020843e-8
0.018200000748038292	1.0459632309683105e-8
0.018400000408291817	1.0356979724849194e-8
0.01860000006854534	1.0256653969987344e-8
0.018799999728798866	1.0159242457294268e-8
0.01899999938905239	1.0063574091476676e-8
0.019200000911951065	9.96976549503714e-9
0.01940000057220459	9.87803132332785e-9
0.019600000232458115	9.788906424011444e-9
0.01979999989271164	9.702144765805506e-9
0.019999999552965164	9.617426543750244e-9
0.02019999921321869	9.534106401958284e-9
0.020400000736117363	9.45241846264091e-9
0.020600000396370888	9.372994178191752e-9
0.020800000056624413	9.29525168053626e-9
0.020999999716877937	9.21899481494624e-9
0.021199999377131462	9.14422616850985e-9
0.021400000900030136	9.071349363812479e-9
0.02160000056028366	8.999409334695763e-9
0.021800000220537186	8.929261269788513e-9
0.02199999988079071	8.86060265901487e-9
0.022199999541044235	8.793358397426201e-9
0.02239999920129776	8.72753088948546e-9
0.022600000724196434	8.663033045816925e-9
0.02280000038444996	8.599765825097858e-9
0.023000000044703484	8.537317988806734e-9
0.02319999970495701	8.476593060592568e-9
0.023399999365210533	8.416952724907508e-9
0.023600000888109207	8.35812182089735e-9
0.023800000548362732	8.300912344078587e-9
0.024000000208616257	8.244630331915305e-9
0.02419999986886978	8.189451730248329e-9
0.024399999529123306	8.13517317083985e-9
0.02459999918937683	8.082251814354985e-9
0.024800000712275505	8.030196833463543e-9
0.02500000037252903	7.978994908624749e-9
0.025200000032782555	7.92877901323833e-9
0.02539999969303608	7.879748955983246e-9
0.025599999353289604	7.831318574176668e-9
0.025800000876188278	7.783960521795188e-9
0.026000000536441803	7.737530241412546e-9
0.026200000196695328	7.691972820162732e-9
0.026399999856948853	7.647125763027354e-9
0.026599999517202377	7.60314880182079e-9
0.026799999177455902	7.560011164278943e-9
0.027000000700354576	7.517680115881574e-9
0.0272000003606081	7.475996293079728e-9
0.027400000020861626	7.435144590859613e-9
0.02759999968111515	7.3949857952218746e-9
0.027799999341368675	7.355627618445588e-9
0.02800000086426735	7.316989517372717e-9
0.028200000524520874	7.279002617122824e-9
0.0284000001847744	7.241756282565226e-9
0.028599999845027924	7.205136122405828e-9
0.02879999950528145	7.169220841977806e-9
0.028999999165534973	7.133883797040561e-9
0.029200000688433647	7.099151551681697e-9
0.029400000348687172	7.065018081262983e-9
0.029600000008940697	7.0315018387884326e-9
0.02979999966919422	6.998568951089543e-9
0.029999999329447746	6.966255136640279e-9
0.03020000085234642	6.934488288459238e-9
0.030400000512599945	6.903306011762675e-9
0.03060000017285347	6.872657115692202e-9
0.030799999833106995	6.842604022845821e-9
0.03099999949336052	6.813045886578602e-9
0.031199999153614044	6.783993782558123e-9
0.03139999881386757	6.755508504200718e-9
0.031599998474121094	6.727527888877147e-9
0.03180000185966492	6.7000303228501805e-9
0.03200000151991844	6.672970336533924e-9
0.03220000118017197	6.646456045165917e-9
0.03240000084042549	6.620420899207105e-9
0.032600000500679016	6.594810426292302e-9
0.03280000016093254	6.569651930987937e-9
0.032999999821186066	6.544960231880863e-9
0.03319999948143959	6.52069910749127e-9
0.033399999141693115	6.496853764465974e-9
0.03359999880194664	6.473432675333841e-9
0.033799998462200165	6.450512769051064e-9
0.03400000184774399	6.427945790925e-9
0.03420000150799751	6.405835659451609e-9
0.03440000116825104	6.384110217724308e-9
0.03460000082850456	6.362776734151978e-9
0.03480000048875809	6.341857553544927e-9
0.03500000014901161	6.3213251467971586e-9
0.03519999980926514	6.301134421225322e-9
0.03539999946951866	6.281345422517762e-9
0.035599999129772186	6.261927558668043e-9
0.03579999879002571	6.242853566001008e-9
0.035999998450279236	6.224143498811239e-9
0.03620000183582306	6.205817064229564e-9
0.036400001496076584	6.187852657832372e-9
0.03660000115633011	6.170213022574396e-9
0.03680000081658363	6.152923422589184e-9
0.03700000047683716	6.135971041752684e-9
0.03720000013709068	6.119365440140963e-9
0.03739999979734421	6.103096341362137e-9
0.03759999945759773	6.08713632479399e-9
0.03779999911785126	6.071516808101946e-9
0.03799999877810478	6.056203241723238e-9
0.03819999843835831	6.041201232901107e-9
0.03840000182390213	6.026527392986785e-9
0.038600001484155655	6.01215882063694e-9
0.03880000114440918	5.99809574158571e-9
0.039000000804662704	5.984336433737766e-9
0.03920000046491623	5.970870823625636e-9
0.039400000125169754	5.957716561874062e-9
0.03959999978542328	5.9448525588353814e-9
0.039799999445676804	5.932280990802337e-9
0.03999999910593033	5.9199963151620675e-9
0.04019999876618385	5.907993931498115e-9
0.04039999842643738	5.8962647195525706e-9
0.0406000018119812	5.88481413760331e-9
0.040800001472234726	5.8736465024632115e-9
0.04100000113248825	5.8627592633760195e-9
0.041200000792741776	5.8521435011654085e-9
0.0414000004529953	5.841799761005684e-9
0.041600000113248825	5.831718952763225e-9
0.04179999977350235	5.8218972688372884e-9
0.041999999433755875	5.812346897895991e-9
0.0421999990940094	5.803055233033718e-9
0.042399998754262924	5.794025831605285e-9
0.04259999841451645	5.785249976286069e-9
0.04280000180006027	5.7767249039398706e-9
0.0430000014603138	5.768457307406388e-9
0.04320000112056732	5.76044620564035e-9
0.04340000078082085	5.7526769431054875e-9
0.04360000044107437	5.745156785035413e-9
0.043800000101327896	5.7378904690803184e-9
0.04399999976158142	5.730864163710119e-9
0.044199999421834946	5.724082252078339e-9
0.04439999908208847	5.717542841740296e-9
0.044599998742341995	5.711249060289416e-9
0.04479999840259552	5.705195601305227e-9
0.04500000178813934	5.6993802929852966e-9
0.04520000144839287	5.693800835550826e-9
0.04540000110864639	5.688459217978797e-9
0.04560000076889992	5.6833508210924195e-9
0.04580000042915344	5.678471521136035e-9
0.04600000008940697	5.6738302428424935e-9
0.04619999974966049	5.6694177436323125e-9
0.04639999940991402	5.6652415450233454e-9
0.04659999907016754	5.661297310217069e-9
0.046799998730421066	5.657578550998435e-9
0.04699999839067459	5.654089767217837e-9
0.047200001776218414	5.650832984920153e-9
0.04740000143647194	5.647800568229018e-9
0.047600001096725464	5.644996014849902e-9
0.04780000075697899	5.642416522520419e-9
0.04800000041723251	5.6400634829440825e-9
0.04820000007748604	5.637938932577768e-9
0.04839999973773956	5.636036488196037e-9
0.04859999939799309	5.634356167722734e-9
0.04879999905824661	5.632901836111036e-9
0.04899999871850014	5.631673766970946e-9
0.04919999837875366	5.630669933936056e-9
0.049400001764297485	5.629887414750653e-9
0.04960000142455101	5.629328871013511e-9
0.049800001084804535	5.6289936267370184e-9
