0.0	1.233863747649375e-7
9.999999747378752e-5	1.306062191363684e-7
0.00019999999494757503	1.881822549922333e-7
0.0003000000142492354	2.2562899783357018e-7
0.00039999998989515007	1.9002404145314706e-7
0.0005000000237487257	2.0831829017408853e-7
0.0006000000284984708	2.3629457435979533e-7
0.000699999975040555	1.9981279827752378e-7
0.0007999999797903001	1.8240819316216405e-7
0.0008999999845400453	1.8795710852675924e-7
0.0010000000474974513	2.00460697402138e-7
0.0010999999940395355	1.6919613201343485e-7
0.0012000000569969416	1.3018252758329624e-7
0.0013000000035390258	1.0428555765488009e-7
0.00139999995008111	1.3548071892550465e-7
0.001500000013038516	1.341517866960195e-7
0.0015999999595806003	1.4005180458727933e-7
0.0017000000225380063	1.316251326060007e-7
0.0017999999690800905	1.1946510847265125e-7
0.0019000000320374966	1.125203069797482e-7
0.0020000000949949026	1.1254346742026456e-7
0.002099999925121665	1.0119580934754971e-7
0.002199999988079071	9.243779515887837e-8
0.002300000051036477	8.305852808213243e-8
0.002400000113993883	8.070969150429111e-8
0.0024999999441206455	8.144283473746686e-8
0.0026000000070780516	8.183575136032141e-8
0.0027000000700354576	6.993773446273975e-8
0.00279999990016222	6.851539890673075e-8
0.002899999963119626	6.606979313952938e-8
0.003000000026077032	5.5592845088533644e-8
0.003100000089034438	5.851250143413654e-8
0.0031999999191612005	5.154546297164802e-8
0.0032999999821186066	5.2923728487915036e-8
0.0034000000450760126	4.719235034686087e-8
0.0035000001080334187	4.501991781725043e-8
0.003599999938160181	4.71714628152364e-8
0.003700000001117587	4.766599252507852e-8
0.003800000064074993	4.533464009698434e-8
0.0038999998942017555	4.369594109051269e-8
0.004000000189989805	4.589451759358685e-8
0.004100000020116568	4.437496649950893e-8
0.00419999985024333	4.2612351109604694e-8
0.00430000014603138	4.08105395446842e-8
0.004399999976158142	3.8813587374038166e-8
0.0044999998062849045	3.884592973518671e-8
0.004600000102072954	3.8275808720162046e-8
0.004699999932199717	3.644142719359031e-8
0.004800000227987766	3.504988859648844e-8
0.004900000058114529	3.441820964490227e-8
0.004999999888241291	3.3623954979305793e-8
0.005100000184029341	3.2857798577945466e-8
0.005200000014156103	3.2478650349294295e-8
0.0052999998442828655	3.161030338097714e-8
0.005400000140070915	3.1696879787304856e-8
0.005499999970197678	3.135912173754929e-8
0.00559999980032444	3.0091874824520024e-8
0.00570000009611249	2.9451203544431673e-8
0.005799999926239252	2.9728959265541267e-8
0.005900000222027302	2.9464543382914548e-8
0.006000000052154064	2.871251810628566e-8
0.006099999882280827	2.8188706733106934e-8
0.006200000178068876	2.7268275894578235e-8
0.006300000008195639	2.7018307434002748e-8
0.006399999838322401	2.6787153755405968e-8
0.006500000134110451	2.6284239848730688e-8
0.006599999964237213	2.59447931713964e-8
0.0066999997943639755	2.5167090996879457e-8
0.006800000090152025	2.4888439999243188e-8
0.006899999920278788	2.425696412337178e-8
0.007000000216066837	2.4189890678190397e-8
0.0071000000461936	2.3700588438860117e-8
0.007199999876320362	2.3467848649691436e-8
0.007300000172108412	2.311655040081974e-8
0.007400000002235174	2.283457164519474e-8
0.007499999832361937	2.2527270226673968e-8
0.007600000128149986	2.220254387893213e-8
0.007699999958276749	2.1868946756297863e-8
0.007799999788403511	2.1565845706386696e-8
0.007899999618530273	2.1388608726945355e-8
0.00800000037997961	2.1019830517435167e-8
0.008100000210106373	2.0760241077731505e-8
0.008200000040233135	2.0430719142079913e-8
0.008299999870359898	2.0194408531870715e-8
0.00839999970048666	1.984823836736872e-8
0.008500000461935997	1.9661718330334555e-8
0.00860000029206276	1.9409645473589183e-8
0.008700000122189522	1.9149642895235658e-8
0.008799999952316284	1.8962091134010016e-8
0.008899999782443047	1.872145810122536e-8
0.008999999612569809	1.8511000395942824e-8
0.009100000374019146	1.829817153899593e-8
0.009200000204145908	1.8047577286457918e-8
0.00930000003427267	1.7814267186485704e-8
0.009399999864399433	1.7666590459924663e-8
0.009499999694526196	1.7436046483844214e-8
0.009600000455975533	1.7243379506557082e-8
0.009700000286102295	1.7052621361507023e-8
0.009800000116229057	1.683973587748566e-8
0.00989999994635582	1.6671242642782617e-8
0.009999999776482582	1.6457463339855147e-8
0.010099999606609344	1.628064937019267e-8
0.010200000368058681	1.613158018752159e-8
0.010300000198185444	1.5986600352471768e-8
0.010400000028312206	1.581583446280899e-8
0.010499999858438969	1.5648041824715133e-8
0.010599999688565731	1.548631211804332e-8
0.010700000450015068	1.5342538287953696e-8
0.01080000028014183	1.51535813703146e-8
0.010900000110268593	1.5009972520223527e-8
0.010999999940395355	1.4859682160867197e-8
0.011099999770522118	1.4726670378779604e-8
0.01119999960064888	1.4589079165742404e-8
0.011300000362098217	1.447147865803846e-8
0.01140000019222498	1.4338523429397238e-8
0.011500000022351742	1.4210120626336261e-8
0.011599999852478504	1.4095313976161373e-8
0.011699999682605267	1.3988780163616168e-8
0.011800000444054604	1.3878633172684038e-8
0.011900000274181366	1.3765042224542442e-8
0.012000000104308128	1.3657560940248757e-8
0.01209999993443489	1.3541641172456042e-8
0.012199999764561653	1.3430065452875548e-8
0.012299999594688416	1.3327034792973908e-8
0.012400000356137753	1.3221034295357072e-8
0.012500000186264515	1.3108751239817525e-8
0.012600000016391277	1.300798171352715e-8
0.01269999984651804	1.2902493537307499e-8
0.012799999676644802	1.2803462541314747e-8
0.012900000438094139	1.2716360750150009e-8
0.013000000268220901	1.2621690010379488e-8
0.013100000098347664	1.2534238689348398e-8
0.013199999928474426	1.2441562574364812e-8
0.013299999758601189	1.2351661932666712e-8
0.013399999588727951	1.225770122908253e-8
0.013500000350177288	1.216890460584692e-8
0.01360000018030405	1.2084230560097768e-8
0.013700000010430813	1.2000696862297551e-8
0.013799999840557575	1.1910802774674036e-8
0.013899999670684338	1.1829637160985336e-8
0.014000000432133675	1.1750380683740319e-8
0.014100000262260437	1.1669767800677959e-8
0.0142000000923872	1.1597586348204372e-8
0.014299999922513962	1.1519054569369647e-8
0.014399999752640724	1.1440411546603151e-8
0.014499999582767487	1.1368344468798609e-8
0.014600000344216824	1.1291367719130695e-8
0.014700000174343586	1.1212137093342762e-8
0.014800000004470348	1.1133139093904328e-8
0.01489999983459711	1.1058720479498577e-8
0.014999999664723873	1.0990577154250569e-8
0.01510000042617321	1.0921572533473966e-8
0.015200000256299973	1.0854798118324536e-8
0.015300000086426735	1.0790330009644992e-8
0.015399999916553497	1.0723471390269482e-8
0.01549999974668026	1.0655497663969824e-8
0.015599999576807022	1.0594171839016312e-8
0.015699999406933784	1.0527955292099607e-8
0.015799999237060547	1.0464595375894547e-8
0.01590000092983246	1.0402611268094467e-8
0.01600000075995922	1.0341476323509303e-8
0.016100000590085983	1.0281218650101514e-8
0.016200000420212746	1.0223672877165718e-8
0.016300000250339508	1.016539627705311e-8
0.01640000008046627	1.0106336480479826e-8
0.016499999910593033	1.005024398278797e-8
0.016599999740719795	9.992688891494513e-9
0.016699999570846558	9.937181528406102e-9
0.01679999940097332	9.881629622935493e-9
0.016899999231100082	9.825229627283089e-9
0.017000000923871994	9.77252009536052e-9
0.017100000753998756	9.72000111389895e-9
0.01720000058412552	9.668892492846543e-9
0.01730000041425228	9.616666013199652e-9
0.017400000244379044	9.567087612732226e-9
0.017500000074505806	9.51594256016474e-9
0.01759999990463257	9.466061665317932e-9
0.01769999973475933	9.417304036488522e-9
0.017799999564886093	9.368352191345386e-9
0.017899999395012856	9.320588346804153e-9
0.017999999225139618	9.273074153711613e-9
0.01810000091791153	9.225991858303074e-9
0.018200000748038292	9.179088910478328e-9
0.018300000578165054	9.133301924445464e-9
0.018400000408291817	9.087501355907356e-9
0.01850000023841858	9.043942599831887e-9
0.01860000006854534	9.000416044294319e-9
0.018699999898672104	8.957188881703247e-9
0.018799999728798866	8.914125604678527e-9
0.01889999955892563	8.87202644739793e-9
0.01899999938905239	8.829755946773979e-9
0.019099999219179153	8.788088064610668e-9
0.019200000911951065	8.747157351749623e-9
0.019300000742077827	8.706468206584686e-9
0.01940000057220459	8.66734417162211e-9
0.019500000402331352	8.628108337789433e-9
0.019600000232458115	8.58967199196582e-9
0.019700000062584877	8.550654294704643e-9
0.01979999989271164	8.513134999839057e-9
0.019899999722838402	8.475282879124386e-9
0.019999999552965164	8.43809360352414e-9
0.020099999383091927	8.401011701617847e-9
0.02019999921321869	8.364678367946999e-9
0.0203000009059906	8.329321318918293e-9
0.020400000736117363	8.293926267902242e-9
0.020500000566244125	8.25857558832025e-9
0.020600000396370888	8.224459032027641e-9
0.02070000022649765	8.18948326764366e-9
0.020800000056624413	8.155341265356748e-9
0.020899999886751175	8.121856787887388e-9
0.020999999716877937	8.088072347805531e-9
0.0210999995470047	8.055118915722174e-9
0.021199999377131462	8.022671570415023e-9
0.021299999207258224	7.990537663640236e-9
0.021400000900030136	7.958711090362534e-9
0.0215000007301569	7.927234349492697e-9
0.02160000056028366	7.89592539327063e-9
0.021700000390410423	7.86485548956021e-9
0.021800000220537186	7.833850218261292e-9
0.021900000050663948	7.803594945932302e-9
0.02199999988079071	7.773473974659858e-9
0.022099999710917473	7.743914416806368e-9
0.022199999541044235	7.71450959041578e-9
0.022299999371170998	7.685547181839694e-9
0.02239999920129776	7.656869227334465e-9
0.02250000089406967	7.628078877032016e-9
0.022600000724196434	7.600126549030885e-9
0.022700000554323196	7.57232781380789e-9
0.02280000038444996	7.544595222418963e-9
0.02290000021457672	7.517453767131228e-9
0.023000000044703484	7.490484813011381e-9
0.023099999874830246	7.463524113131885e-9
0.02319999970495701	7.437094578662885e-9
0.02329999953508377	7.410642612992382e-9
0.023399999365210533	7.384270958563014e-9
0.023499999195337296	7.358533926676601e-9
0.023600000888109207	7.3327567662256825e-9
0.02370000071823597	7.3075438895825215e-9
0.023800000548362732	7.2824952518067165e-9
0.023900000378489494	7.25759255965448e-9
0.024000000208616257	7.232866186648458e-9
0.02410000003874302	7.208457222970221e-9
0.02419999986886978	7.184351898714337e-9
0.024299999698996544	7.160559432729017e-9
0.024399999529123306	7.137008806716288e-9
0.02449999935925007	7.113576496197609e-9
0.02459999918937683	7.090168497420163e-9
0.024700000882148743	7.066977547174257e-9
0.024800000712275505	7.0441021979841745e-9
0.024900000542402267	7.021638630579908e-9
0.02500000037252903	6.99938542211607e-9
0.025100000202655792	6.977398625792489e-9
0.025200000032782555	6.95551613048018e-9
0.025299999862909317	6.933961274901922e-9
0.02539999969303608	6.91242572120084e-9
0.025499999523162842	6.8910828135221335e-9
0.025599999353289604	6.869861043475245e-9
0.025699999183416367	6.8488333278435384e-9
0.025800000876188278	6.828137226383885e-9
0.02590000070631504	6.807591359583813e-9
0.026000000536441803	6.7872993332983194e-9
0.026100000366568565	6.7672720258422566e-9
0.026200000196695328	6.747398419308817e-9
0.02630000002682209	6.727628027362382e-9
0.026399999856948853	6.7079607308462535e-9
0.026499999687075615	6.688591154007796e-9
0.026599999517202377	6.669460470734335e-9
0.02669999934732914	6.650524793166049e-9
0.026799999177455902	6.631482405245305e-9
0.026900000870227814	6.6128426241484474e-9
0.027000000700354576	6.594316345190173e-9
0.02710000053048134	6.575965062390123e-9
0.0272000003606081	6.55773053398226e-9
0.027300000190734863	6.539892043988958e-9
0.027400000020861626	6.522045899230433e-9
0.027499999850988388	6.504370652892129e-9
0.02759999968111515	6.486968156573257e-9
0.027699999511241913	6.4696241598716565e-9
0.027799999341368675	6.452298787316861e-9
0.027899999171495438	6.435252196958047e-9
0.02800000086426735	6.4183249128719884e-9
0.02810000069439411	6.401649639275349e-9
0.028200000524520874	6.385052621875648e-9
0.028300000354647636	6.3685447649266324e-9
0.0284000001847744	6.352170546117333e-9
0.02850000001490116	6.336023435291531e-9
0.028599999845027924	6.320017906419067e-9
0.028699999675154686	6.304124013015932e-9
0.02879999950528145	6.2884129318814134e-9
0.02889999933540821	6.2728297665126265e-9
0.028999999165534973	6.257348505234486e-9
0.029100000858306885	6.24201554780058e-9
0.029200000688433647	6.226827361488325e-9
0.02930000051856041	6.21180743010856e-9
0.029400000348687172	6.1969598233008685e-9
0.029500000178813934	6.182216478627897e-9
0.029600000008940697	6.167631091115574e-9
0.02969999983906746	6.153147259338582e-9
0.02979999966919422	6.138775521569778e-9
0.029899999499320984	6.124550276586154e-9
0.029999999329447746	6.110421609264909e-9
0.03009999915957451	6.096393899652643e-9
0.03020000085234642	6.082546345909667e-9
0.030300000682473183	6.068804858529197e-9
0.030400000512599945	6.055201450770578e-9
0.030500000342726707	6.041622843743223e-9
0.03060000017285347	6.028225298681245e-9
0.030700000002980232	6.014948284892095e-9
0.030799999833106995	6.0018235921214295e-9
0.030899999663233757	5.988874658947816e-9
0.03099999949336052	5.975884804190256e-9
0.031099999323487282	5.963029044940013e-9
0.031199999153614044	5.950335800745158e-9
0.031300000846385956	5.937732646227126e-9
0.03139999881386757	5.925242085358688e-9
0.03150000050663948	5.9128850453197115e-9
0.031599998474121094	5.900644108677015e-9
0.031700000166893005	5.888552586327898e-9
0.03180000185966492	5.8764840385761084e-9
0.03189999982714653	5.864533419138438e-9
0.03200000151991844	5.852723699250422e-9
0.032099999487400055	5.8410336143333575e-9
0.03220000118017197	5.829387697625825e-9
0.03229999914765358	5.817867606369272e-9
0.03240000084042549	5.806490089920491e-9
0.032499998807907104	5.7952037882600294e-9
0.032600000500679016	5.783976829463109e-9
0.03269999846816063	5.772894988037932e-9
0.03280000016093254	5.761920115125419e-9
0.03290000185370445	5.751067382500238e-9
0.032999999821186066	5.74030716814636e-9
0.03310000151395798	5.7296465500790525e-9
0.03319999948143959	5.719060189415925e-9
0.0333000011742115	5.708572114158548e-9
0.033399999141693115	5.6981671610519075e-9
0.03350000083446503	5.68781018878211e-9
0.03359999880194664	5.67757538829476e-9
0.03370000049471855	5.6674338469704085e-9
0.033799998462200165	5.657409928552512e-9
0.033900000154972076	5.647473519818667e-9
0.03400000184774399	5.6376584979181635e-9
0.0340999998152256	5.6279072261073705e-9
0.03420000150799751	5.618218999353211e-9
0.034299999475479126	5.608651317181758e-9
0.03440000116825104	5.59915292868948e-9
0.03449999913573265	5.5897365483609444e-9
0.03460000082850456	5.580411110771319e-9
0.034699998795986176	5.571174723155987e-9
0.03480000048875809	5.562055319867901e-9
0.0348999984562397	5.552992216828525e-9
0.03500000014901161	5.54404343881263e-9
0.035100001841783524	5.535159596548224e-9
0.03519999980926514	5.526375306772313e-9
0.03530000150203705	5.517657866684536e-9
0.03539999946951866	5.509022455569323e-9
0.03550000116229057	5.500462383052242e-9
0.035599999129772186	5.4919765222613795e-9
0.0357000008225441	5.483575324275247e-9
0.03579999879002571	5.4752684774304024e-9
0.03590000048279762	5.467033882827256e-9
0.035999998450279236	5.458882245926069e-9
0.03610000014305115	5.450787422676958e-9
0.03620000183582306	5.442771903572106e-9
0.03629999980330467	5.434852742567655e-9
0.036400001496076584	5.427009923273986e-9
0.0364999994635582	5.419230538826149e-9
0.03660000115633011	5.411544441414824e-9
0.03669999912381172	5.403925866030038e-9
0.03680000081658363	5.396390200808375e-9
0.03689999878406525	5.388921054378363e-9
0.03700000047683716	5.381532094941298e-9
0.03709999844431877	5.374207904748042e-9
0.03720000013709068	5.366951175122865e-9
0.037300001829862595	5.359767596034638e-9
0.03739999979734421	5.352653794790108e-9
0.03750000149011612	5.345617864062392e-9
0.03759999945759773	5.33865624482832e-9
0.037700001150369644	5.331762957388441e-9
0.03779999911785126	5.324940375684288e-9
0.03790000081062317	5.318195732725859e-9
0.03799999877810478	5.311532051144521e-9
0.038100000470876694	5.304922889468009e-9
0.03819999843835831	5.298366944925635e-9
0.03830000013113022	5.2918744705066205e-9
0.03840000182390213	5.285472400859439e-9
0.03849999979138374	5.279135158333302e-9
0.038600001484155655	5.272875367875637e-9
0.03869999945163727	5.266670814705177e-9
0.03880000114440918	5.260538771956785e-9
0.03889999911189079	5.2544585088513115e-9
0.039000000804662704	5.248450493413023e-9
0.03909999877214432	5.242518009556779e-9
0.03920000046491623	5.236643049671196e-9
0.03929999843239784	5.230843649485466e-9
0.039400000125169754	5.225097140637175e-9
0.039500001817941666	5.219433880117347e-9
0.03959999978542328	5.213833763875863e-9
0.03970000147819519	5.208284198882655e-9
0.039799999445676804	5.20280337019762e-9
0.039900001138448715	5.197374417709576e-9
0.03999999910593033	5.192015052556435e-9
0.04010000079870224	5.186721564602815e-9
0.04019999876618385	5.181482437474902e-9
0.040300000458955765	5.176301072840696e-9
0.04039999842643738	5.171186136527587e-9
0.04050000011920929	5.166135897592874e-9
0.0406000018119812	5.161147271074675e-9
0.040699999779462814	5.156219926272773e-9
0.040800001472234726	5.151352510147185e-9
0.04089999943971634	5.146550194486002e-9
0.04100000113248825	5.141809009755508e-9
0.041099999099969864	5.137119705788254e-9
0.041200000792741776	5.132485228887305e-9
0.04129999876022339	5.12790715584235e-9
0.0414000004529953	5.123400193975059e-9
0.04149999842047691	5.118944891829195e-9
0.041600000113248825	5.114546259790845e-9
0.04170000180602074	5.110214045570924e-9
0.04179999977350235	5.1059418233183025e-9
0.04190000146627426	5.101717973692548e-9
0.041999999433755875	5.09755814804357e-9
0.042100001126527786	5.093452508374625e-9
0.0421999990940094	5.089406508571287e-9
0.04230000078678131	5.085419261155869e-9
0.042399998754262924	5.081485997535659e-9
0.042500000447034836	5.077603213058869e-9
0.04259999841451645	5.07378439721443e-9
0.04270000010728836	5.070024053501607e-9
0.04280000180006027	5.066310357364208e-9
0.042899999767541885	5.062651303052149e-9
0.0430000014603138	5.059052182979445e-9
0.04309999942779541	5.055505216785508e-9
0.04320000112056732	5.052018161033843e-9
0.043299999088048935	5.0485806061449524e-9
0.04340000078082085	5.0452006530449975e-9
0.04349999874830246	5.041875902475589e-9
0.04360000044107437	5.038608179043088e-9
0.043699998408555984	5.03539192368366e-9
0.043800000101327896	5.032232362836477e-9
0.04390000179409981	5.0291243919752395e-9
0.04399999976158142	5.026068855720809e-9
0.04410000145435333	5.023069593593286e-9
0.044199999421834946	5.020125916170238e-9
0.04430000111460686	5.01723410577311e-9
0.04439999908208847	5.014398749463109e-9
0.04450000077486038	5.011606884356715e-9
0.044599998742341995	5.0088672440003145e-9
0.04470000043511391	5.006182235945017e-9
0.04479999840259552	5.0035496527531136e-9
0.04490000009536743	5.000972256100336e-9
0.04500000178813934	4.998448172561176e-9
0.045099999755620956	4.995975768410932e-9
0.04520000144839287	4.993549704377105e-9
0.04529999941587448	4.9911753954657924e-9
0.04540000110864639	4.988855019718584e-9
0.045499999076128006	4.9865864557546235e-9
0.04560000076889992	4.984371188181205e-9
0.04569999873638153	4.982209181857299e-9
0.04580000042915344	4.980094120863863e-9
0.045899998396635056	4.978031387370923e-9
0.04600000008940697	4.976020998974406e-9
0.04610000178217888	4.974061380398884e-9
0.04619999974966049	4.972155050196086e-9
0.046300001442432404	4.970296299786232e-9
0.04639999940991402	4.968489581092306e-9
0.04650000110268593	4.966732817641155e-9
0.04659999907016754	4.965025158197795e-9
0.04670000076293945	4.963369487565146e-9
0.046799998730421066	4.961764997676838e-9
0.04690000042319298	4.960207916038577e-9
0.04699999839067459	4.958701836087682e-9
0.0471000000834465	4.957246308185127e-9
0.047200001776218414	4.955846450722325e-9
0.04729999974370003	4.954492043406696e-9
0.04740000143647194	4.953187616221791e-9
0.04749999940395355	4.9519343135676795e-9
0.047600001096725464	4.950728729449744e-9
0.04769999906420708	4.9495722191842935e-9
0.04780000075697899	4.948466299402806e-9
0.0478999987244606	4.947408109338452e-9
0.04800000041723251	4.946402174353226e-9
0.04809999838471413	4.9454418810739935e-9
0.04820000007748604	4.94453371820825e-9
0.04830000177025795	4.9436725324396365e-9
0.04839999973773956	4.9428624642430575e-9
0.048500001430511475	4.9420991479546585e-9
0.04859999939799309	4.941386517457007e-9
0.048700001090765	4.940725513056186e-9
0.04879999905824661	4.940112788537619e-9
0.048900000751018524	4.939550210069894e-9
0.04899999871850014	4.939035924596662e-9
0.04910000041127205	4.9385678776396164e-9
0.04919999837875366	4.938151010083666e-9
0.049300000071525574	4.9377837430596005e-9
0.049400001764297485	4.9374681870968826e-9
0.0494999997317791	4.937200940950249e-9
0.04960000142455101	4.936982881947825e-9
0.04969999939203262	4.9368095471222745e-9
0.049800001084804535	4.936688535847049e-9
0.04989999905228615	4.9366131286070726e-9
