0.0	1.150304083041904e-7
9.999999747378752e-5	2.065542367365064e-7
0.00019999999494757503	2.3375422311616636e-7
0.0003000000142492354	2.0336910060183154e-7
0.00039999998989515007	2.449770765832811e-7
0.0005000000237487257	2.2536280479581578e-7
0.0006000000284984708	2.3450458229581378e-7
0.000699999975040555	2.115191767493686e-7
0.0007999999797903001	2.342529374131047e-7
0.0008999999845400453	1.5748721001578478e-7
0.0010000000474974513	1.7461620353901964e-7
0.0010999999940395355	1.3973581189585013e-7
0.0012000000569969416	1.0926225764120466e-7
0.0013000000035390258	1.4451444423155558e-7
0.00139999995008111	1.1947136162666278e-7
0.001500000013038516	1.075348323385818e-7
0.0015999999595806003	1.2563497104906695e-7
0.0017000000225380063	1.3376485357105845e-7
0.0017999999690800905	1.2984263259469778e-7
0.0019000000320374966	1.0340515665114878e-7
0.0020000000949949026	1.0949856424642916e-7
0.002099999925121665	1.080099210050127e-7
0.002199999988079071	1.0210146877266593e-7
0.002300000051036477	9.27513943906393e-8
0.002400000113993883	8.739084152299492e-8
0.0024999999441206455	8.603503320431993e-8
0.0026000000070780516	8.009645712411586e-8
0.0027000000700354576	7.75689567722327e-8
0.00279999990016222	7.55430002036061e-8
0.002899999963119626	7.339573731361905e-8
0.003000000026077032	6.842917596326335e-8
0.003100000089034438	6.636055369567083e-8
0.0031999999191612005	6.524157915651925e-8
0.0032999999821186066	6.6634222020954e-8
0.0034000000450760126	6.221832414241574e-8
0.0035000001080334187	6.039043566391816e-8
0.003599999938160181	5.8189104902494196e-8
0.003700000001117587	5.861306061641385e-8
0.003800000064074993	5.515034979415524e-8
0.0038999998942017555	5.0628662120071236e-8
0.004000000189989805	4.886646197362314e-8
0.004100000020116568	5.047738990498858e-8
0.00419999985024333	4.9355835360016484e-8
0.00430000014603138	4.856984121331686e-8
0.004399999976158142	4.7889125728910454e-8
0.0044999998062849045	4.6692325988713356e-8
0.004600000102072954	4.5651198266084594e-8
0.004699999932199717	4.3664106642257095e-8
0.004800000227987766	4.136550790298876e-8
0.004900000058114529	4.076427924836284e-8
0.004999999888241291	3.961456281653288e-8
0.005100000184029341	3.912653915822832e-8
0.005200000014156103	3.779003546727463e-8
0.0052999998442828655	3.62326708231647e-8
0.005400000140070915	3.569719077776617e-8
0.005499999970197678	3.566515597928908e-8
0.00559999980032444	3.540073843446204e-8
0.00570000009611249	3.559532262593967e-8
0.005799999926239252	3.442380793220704e-8
0.005900000222027302	3.436138600060963e-8
0.006000000052154064	3.3731165715653626e-8
0.006099999882280827	3.310634401916924e-8
0.006200000178068876	3.25364966935019e-8
0.006300000008195639	3.17064410464417e-8
0.006399999838322401	3.111889245184724e-8
0.006500000134110451	3.072110629516805e-8
0.006599999964237213	3.0377567796123183e-8
0.0066999997943639755	2.982310390230818e-8
0.006800000090152025	2.9123915000850857e-8
0.006899999920278788	2.8570033072230057e-8
0.007000000216066837	2.823704482229823e-8
0.0071000000461936	2.7957843998435895e-8
0.007199999876320362	2.7427018120174127e-8
0.007300000172108412	2.710562724344468e-8
0.007400000002235174	2.6704658167676816e-8
0.007499999832361937	2.6065784851809817e-8
0.007600000128149986	2.5625323750978862e-8
0.007699999958276749	2.523387800198942e-8
0.007799999788403511	2.4769573496115547e-8
0.007899999618530273	2.443622702204544e-8
0.00800000037997961	2.4085096742537422e-8
0.008100000210106373	2.3822498653770618e-8
0.008200000040233135	2.3548074977038877e-8
0.008299999870359898	2.335892109042265e-8
0.00839999970048666	2.301788001946743e-8
0.008500000461935997	2.2800969154412584e-8
0.00860000029206276	2.249631865716544e-8
0.008700000122189522	2.2194076921653143e-8
0.008799999952316284	2.1869618868341858e-8
0.008899999782443047	2.1577434512207326e-8
0.008999999612569809	2.1371929601467318e-8
0.009100000374019146	2.1087759495479476e-8
0.009200000204145908	2.0847339479567526e-8
0.00930000003427267	2.069201446216171e-8
0.009399999864399433	2.0423368559693655e-8
0.009499999694526196	2.0231329176906894e-8
0.009600000455975533	2.0027679369419665e-8
0.009700000286102295	1.9792442994188797e-8
0.009800000116229057	1.9623171763723526e-8
0.00989999994635582	1.9417788792255642e-8
0.009999999776482582	1.9224162150587734e-8
0.010099999606609344	1.903523957745792e-8
0.010200000368058681	1.880935928410179e-8
0.010300000198185444	1.8625600440281697e-8
0.010400000028312206	1.8439908298597936e-8
0.010499999858438969	1.8273837686782354e-8
0.010599999688565731	1.8097975004269228e-8
0.010700000450015068	1.79187576016627e-8
0.01080000028014183	1.774239800356399e-8
0.010900000110268593	1.7574171797195376e-8
0.010999999940395355	1.741952862537515e-8
0.011099999770522118	1.724990935138026e-8
0.01119999960064888	1.711629562368542e-8
0.011300000362098217	1.695918413558837e-8
0.01140000019222498	1.681832818975677e-8
0.011500000022351742	1.666476417480887e-8
0.011599999852478504	1.6541800319025086e-8
0.011699999682605267	1.6403131681787027e-8
0.011800000444054604	1.6266448385562498e-8
0.011900000274181366	1.613910228844009e-8
0.012000000104308128	1.6009536719745683e-8
0.01209999993443489	1.5879451165427058e-8
0.012199999764561653	1.5750738994775384e-8
0.012299999594688416	1.5612174950405934e-8
0.012400000356137753	1.5486256596968694e-8
0.012500000186264515	1.5361327797881716e-8
0.012600000016391277	1.5239494834451047e-8
0.01269999984651804	1.5108746044885617e-8
0.012799999676644802	1.5000817119150372e-8
0.012900000438094139	1.4891937209335273e-8
0.013000000268220901	1.4763701949689462e-8
0.013100000098347664	1.464467786218949e-8
0.013199999928474426	1.454030860687003e-8
0.013299999758601189	1.4439409755848281e-8
0.013399999588727951	1.43335083588218e-8
0.013500000350177288	1.422699018679744e-8
0.01360000018030405	1.412695891624952e-8
0.013700000010430813	1.4026901206439937e-8
0.013799999840557575	1.3926083815088514e-8
0.013899999670684338	1.3833636758743024e-8
0.014000000432133675	1.3744659164222356e-8
0.014100000262260437	1.364705650122635e-8
0.0142000000923872	1.3554075610691243e-8
0.014299999922513962	1.345960025988865e-8
0.014399999752640724	1.336625915182382e-8
0.014499999582767487	1.3278177431036487e-8
0.014600000344216824	1.3192219138264138e-8
0.014700000174343586	1.3107450450531045e-8
0.014800000004470348	1.3023913760363828e-8
0.01489999983459711	1.2938657174359794e-8
0.014999999664723873	1.2856529036440285e-8
0.01510000042617321	1.2776650827978777e-8
0.015200000256299973	1.2697022692165324e-8
0.015300000086426735	1.2618327740792625e-8
0.015399999916553497	1.2539045585184175e-8
0.01549999974668026	1.246250385420778e-8
0.015599999576807022	1.2390097702621374e-8
0.015699999406933784	1.2316113218816038e-8
0.015799999237060547	1.2240628266802477e-8
0.01590000092983246	1.217013588629875e-8
0.01600000075995922	1.2098074321356363e-8
0.016100000590085983	1.2028050998732675e-8
0.016200000420212746	1.1957937174830785e-8
0.016300000250339508	1.1888375761148461e-8
0.01640000008046627	1.1821676194041437e-8
0.016499999910593033	1.1755682984961781e-8
0.016599999740719795	1.1689102112039661e-8
0.016699999570846558	1.1623591229428789e-8
0.01679999940097332	1.156003208520654e-8
0.016899999231100082	1.149683329714095e-8
0.017000000923871994	1.1436342898256987e-8
0.017100000753998756	1.1374905950997472e-8
0.01720000058412552	1.1315117818691365e-8
0.01730000041425228	1.1255516515077168e-8
0.017400000244379044	1.1196102981051282e-8
0.017500000074505806	1.1138433246127915e-8
0.01759999990463257	1.1079625366887472e-8
0.01769999973475933	1.1023034426513921e-8
0.017799999564886093	1.0967147296388523e-8
0.017899999395012856	1.09113863110567e-8
0.017999999225139618	1.0858430883005648e-8
0.01810000091791153	1.0804209474937366e-8
0.018200000748038292	1.0750462188817048e-8
0.018300000578165054	1.069706219714278e-8
0.018400000408291817	1.0645070320973679e-8
0.01850000023841858	1.0594340930671673e-8
0.01860000006854534	1.0544339227515285e-8
0.018699999898672104	1.0492902702129579e-8
0.018799999728798866	1.0443770452244928e-8
0.01889999955892563	1.0394998229452064e-8
0.01899999938905239	1.0346181443307845e-8
0.019099999219179153	1.0297351529180203e-8
0.019200000911951065	1.0249214788875862e-8
0.019300000742077827	1.0201975234643244e-8
0.01940000057220459	1.0155117080686171e-8
0.019500000402331352	1.0108554223145779e-8
0.019600000232458115	1.006371196195536e-8
0.019700000062584877	1.0019021644074324e-8
0.01979999989271164	9.973886668873118e-9
0.019899999722838402	9.92978324410347e-9
0.019999999552965164	9.887003822852955e-9
0.020099999383091927	9.843733241973994e-9
0.02019999921321869	9.801364739078555e-9
0.0203000009059906	9.758902618941722e-9
0.020400000736117363	9.71682142933781e-9
0.020500000566244125	9.675852158093438e-9
0.020600000396370888	9.635018778880584e-9
0.02070000022649765	9.595218437599339e-9
0.020800000056624413	9.555273099333831e-9
0.020899999886751175	9.516058802109093e-9
0.020999999716877937	9.477126376017711e-9
0.0210999995470047	9.438717185101859e-9
0.021199999377131462	9.400315048768198e-9
0.021299999207258224	9.3623670956649e-9
0.021400000900030136	9.324986509950243e-9
0.0215000007301569	9.28787373263358e-9
0.02160000056028366	9.25119828991012e-9
0.021700000390410423	9.214764101346193e-9
0.021800000220537186	9.178486773941396e-9
0.021900000050663948	9.142736528981029e-9
0.02199999988079071	9.107522415771655e-9
0.022099999710917473	9.072597329143868e-9
0.022199999541044235	9.0381646300556e-9
0.022299999371170998	9.00397562918168e-9
0.02239999920129776	8.970461814976176e-9
0.02250000089406967	8.937131728125317e-9
0.022600000724196434	8.904103426741396e-9
0.022700000554323196	8.871286660814257e-9
0.02280000038444996	8.83886896025765e-9
0.02290000021457672	8.807018458392309e-9
0.023000000044703484	8.775112747267724e-9
0.023099999874830246	8.743660498337863e-9
0.02319999970495701	8.712577864328375e-9
0.02329999953508377	8.681669071858497e-9
0.023399999365210533	8.651195774983736e-9
0.023499999195337296	8.62102857622625e-9
0.023600000888109207	8.59111501713863e-9
0.02370000071823597	8.561492856032961e-9
0.023800000548362732	8.532302871912679e-9
0.023900000378489494	8.503337830847185e-9
0.024000000208616257	8.47436230136917e-9
0.02410000003874302	8.446041874307921e-9
0.02419999986886978	8.418003655742359e-9
0.024299999698996544	8.389971864236622e-9
0.024399999529123306	8.362427747405724e-9
0.02449999935925007	8.33507247293715e-9
0.02459999918937683	8.307776323836535e-9
0.024700000882148743	8.280877021296711e-9
0.024800000712275505	8.254289668679855e-9
0.024900000542402267	8.227997458654737e-9
0.02500000037252903	8.201871105367019e-9
0.025100000202655792	8.175983916740641e-9
0.025200000032782555	8.15028148546839e-9
0.025299999862909317	8.12491632695161e-9
0.02539999969303608	8.099762868657677e-9
0.025499999523162842	8.074761836995424e-9
0.025599999353289604	8.04988495096714e-9
0.025699999183416367	8.025370866249817e-9
0.025800000876188278	8.001268972807914e-9
0.02590000070631504	7.9772601638598e-9
0.026000000536441803	7.953363546448668e-9
0.026100000366568565	7.929795770599516e-9
0.026200000196695328	7.906365442817048e-9
0.02630000002682209	7.883350323221801e-9
0.026399999856948853	7.860559778294659e-9
0.026499999687075615	7.837848643618413e-9
0.026599999517202377	7.815221000270477e-9
0.02669999934732914	7.793021070972063e-9
0.026799999177455902	7.770895913105001e-9
0.026900000870227814	7.749016990677077e-9
0.027000000700354576	7.72734263580704e-9
0.02710000053048134	7.705904148054377e-9
0.0272000003606081	7.684606003884482e-9
0.027300000190734863	7.66346689712199e-9
0.027400000020861626	7.642644096671065e-9
0.027499999850988388	7.621937361248698e-9
0.02759999968111515	7.601377820919822e-9
0.027699999511241913	7.580935422108e-9
0.027799999341368675	7.560904733892245e-9
0.027899999171495438	7.540968270390336e-9
0.02800000086426735	7.521152456585474e-9
0.02810000069439411	7.501548230676486e-9
0.028200000524520874	7.482146745337365e-9
0.028300000354647636	7.462944618732406e-9
0.0284000001847744	7.44379814323072e-9
0.02850000001490116	7.4248724821300154e-9
0.028599999845027924	7.40614311220587e-9
0.028699999675154686	7.387632271999943e-9
0.02879999950528145	7.369206399553524e-9
0.02889999933540821	7.351011728097851e-9
0.028999999165534973	7.332953840987805e-9
0.029100000858306885	7.315020201584394e-9
0.029200000688433647	7.2972643707308764e-9
0.02930000051856041	7.279600553132943e-9
0.029400000348687172	7.262143275786483e-9
0.029500000178813934	7.244843061240703e-9
0.029600000008940697	7.227642552561612e-9
0.02969999983906746	7.21063104066623e-9
0.02979999966919422	7.193764964638497e-9
0.029899999499320984	7.177042666923582e-9
0.029999999329447746	7.1605339909847735e-9
0.03009999915957451	7.1441663669808775e-9
0.03020000085234642	7.127918162281771e-9
0.030300000682473183	7.111838117524971e-9
0.030400000512599945	7.095811725390304e-9
0.030500000342726707	7.080005685482484e-9
0.03060000017285347	7.06437459756515e-9
0.030700000002980232	7.048842402534439e-9
0.030799999833106995	7.033451039741388e-9
0.030899999663233757	7.018200299584317e-9
0.03099999949336052	7.003092562539221e-9
0.031099999323487282	6.988094705064206e-9
0.031199999153614044	6.973233551634133e-9
0.031300000846385956	6.958476453690885e-9
0.03139999881386757	6.943885336890085e-9
0.03150000050663948	6.929409426647821e-9
0.031599998474121094	6.9150388037819345e-9
0.031700000166893005	6.900820810210512e-9
0.03180000185966492	6.886748695887981e-9
0.03189999982714653	6.872760679715767e-9
0.03200000151991844	6.8589338699002764e-9
0.032099999487400055	6.845233600239881e-9
0.03220000118017197	6.831685628986656e-9
0.03229999914765358	6.818199917631253e-9
0.03240000084042549	6.804862271038457e-9
0.032499998807907104	6.791686761521088e-9
0.032600000500679016	6.77858134693957e-9
0.03269999846816063	6.765582844641712e-9
0.03280000016093254	6.752700607057266e-9
0.03290000185370445	6.739942828919559e-9
0.032999999821186066	6.727334922070065e-9
0.03310000151395798	6.714831166526551e-9
0.03319999948143959	6.702401885609697e-9
0.0333000011742115	6.690094265773859e-9
0.033399999141693115	6.6779045301262674e-9
0.03350000083446503	6.665843690247836e-9
0.03359999880194664	6.653884680100702e-9
0.03370000049471855	6.642012122298595e-9
0.033799998462200165	6.630273804804725e-9
0.033900000154972076	6.618600020445372e-9
0.03400000184774399	6.607075487419308e-9
0.0340999998152256	6.595650189752586e-9
0.03420000150799751	6.5843309490788244e-9
0.034299999475479126	6.5731223812557015e-9
0.03440000116825104	6.561987061789262e-9
0.03449999913573265	6.550982521259056e-9
0.03460000082850456	6.540066266801475e-9
0.034699998795986176	6.529258215909183e-9
0.03480000048875809	6.518531994329565e-9
0.0348999984562397	6.5079239268854875e-9
0.03500000014901161	6.497430877362834e-9
0.035100001841783524	6.487031882319944e-9
0.03519999980926514	6.476717746453046e-9
0.03530000150203705	6.466486858504818e-9
0.03539999946951866	6.456362882064061e-9
0.03550000116229057	6.4463426957770125e-9
0.035599999129772186	6.436431590402251e-9
0.0357000008225441	6.42662993348448e-9
0.03579999879002571	6.416876804781714e-9
0.03590000048279762	6.407224299136742e-9
0.035999998450279236	6.397664873151117e-9
0.03610000014305115	6.388189928180793e-9
0.03620000183582306	6.378801134059682e-9
0.03629999980330467	6.3695246730711765e-9
0.036400001496076584	6.3603312747506965e-9
0.0364999994635582	6.351244484036403e-9
0.03660000115633011	6.34224039753817e-9
0.03669999912381172	6.333316374845819e-9
0.03680000081658363	6.324477442178398e-9
0.03689999878406525	6.3157302621588115e-9
0.03700000047683716	6.3070466034406054e-9
0.03709999844431877	6.298470805889616e-9
0.03720000013709068	6.289980999549295e-9
0.037300001829862595	6.281575357085761e-9
0.03739999979734421	6.273254561505309e-9
0.03750000149011612	6.265001785441664e-9
0.03759999945759773	6.2568351174703405e-9
0.037700001150369644	6.248770843077525e-9
0.03779999911785126	6.240776648582272e-9
0.03790000081062317	6.2328705916195515e-9
0.03799999877810478	6.2250418574288566e-9
0.038100000470876694	6.217290382944113e-9
0.03819999843835831	6.209624057290566e-9
0.03830000013113022	6.202054504024214e-9
0.03840000182390213	6.194545014367841e-9
0.03849999979138374	6.1871300237504245e-9
0.038600001484155655	6.179791689071352e-9
0.03869999945163727	6.172526652967425e-9
0.03880000114440918	6.165326322565217e-9
0.03889999911189079	6.158212718185194e-9
0.039000000804662704	6.151171003884427e-9
0.03909999877214432	6.144217825127445e-9
0.03920000046491623	6.137338880051848e-9
0.03929999843239784	6.130541485246295e-9
0.039400000125169754	6.123829263082599e-9
0.039500001817941666	6.1171766134271865e-9
0.03959999978542328	6.110594294392847e-9
0.03970000147819519	6.104089649551586e-9
0.039799999445676804	6.097661556789715e-9
0.039900001138448715	6.091313423219169e-9
0.03999999910593033	6.085032973345467e-9
0.04010000079870224	6.078830078622139e-9
0.04019999876618385	6.072698897121738e-9
0.040300000458955765	6.066643592685242e-9
0.04039999842643738	6.060644856932872e-9
0.04050000011920929	6.0547208958813964e-9
0.0406000018119812	6.048877189256217e-9
0.040699999779462814	6.043111739529866e-9
0.040800001472234726	6.03740447477634e-9
0.04089999943971634	6.031768783976761e-9
0.04100000113248825	6.026213471126743e-9
0.041099999099969864	6.020720744437239e-9
0.041200000792741776	6.015297890397045e-9
0.04129999876022339	6.009945192410105e-9
0.0414000004529953	6.0046603678170625e-9
0.04149999842047691	5.999440150534555e-9
0.041600000113248825	5.994288572945806e-9
0.04170000180602074	5.9892013896263945e-9
0.04179999977350235	5.984190520727712e-9
0.04190000146627426	5.979242370585885e-9
0.041999999433755875	5.974359517033429e-9
0.042100001126527786	5.9695468926879775e-9
0.0421999990940094	5.964815290700744e-9
0.04230000078678131	5.96014609251152e-9
0.042399998754262924	5.9555387799355695e-9
0.042500000447034836	5.950988621240441e-9
0.04259999841451645	5.946518860185866e-9
0.04270000010728836	5.942103160203257e-9
0.04280000180006027	5.937758234512502e-9
0.042899999767541885	5.933477150713427e-9
0.0430000014603138	5.929262832237031e-9
0.04309999942779541	5.925111337618214e-9
0.04320000112056732	5.9210282446545145e-9
0.043299999088048935	5.917005436138929e-9
0.04340000078082085	5.913048666143611e-9
0.04349999874830246	5.90915579388045e-9
0.04360000044107437	5.905328430364476e-9
0.043699998408555984	5.901555182344859e-9
0.043800000101327896	5.897851035384516e-9
0.04390000179409981	5.894210408689207e-9
0.04399999976158142	5.890632341352496e-9
0.04410000145435333	5.887117256488705e-9
0.044199999421834946	5.883665887870385e-9
0.04430000111460686	5.880272762615019e-9
0.04439999908208847	5.876942482981126e-9
0.04450000077486038	5.873679258049584e-9
0.044599998742341995	5.870479981441245e-9
0.04470000043511391	5.867340346945164e-9
0.04479999840259552	5.8642604990601995e-9
0.04490000009536743	5.861246759945038e-9
0.04500000178813934	5.858286316903982e-9
0.045099999755620956	5.8553880882138134e-9
0.04520000144839287	5.852550084053405e-9
0.04529999941587448	5.849778162433236e-9
0.04540000110864639	5.847063918677002e-9
0.045499999076128006	5.844408808339836e-9
0.04560000076889992	5.841814153908738e-9
0.04569999873638153	5.839279422489662e-9
0.04580000042915344	5.8368024332820134e-9
0.045899998396635056	5.8343861396492485e-9
0.04600000008940697	5.8320271433374424e-9
0.04610000178217888	5.8297317625806855e-9
0.04619999974966049	5.8274901146731134e-9
0.046300001442432404	5.825310676861511e-9
0.04639999940991402	5.823195304776246e-9
0.04650000110268593	5.821140684110314e-9
0.04659999907016754	5.819140979095968e-9
0.04670000076293945	5.817199470412068e-9
0.046799998730421066	5.815317139901396e-9
0.04690000042319298	5.813491635324013e-9
0.04699999839067459	5.811726173462237e-9
0.0471000000834465	5.810022296765076e-9
0.047200001776218414	5.808373559502016e-9
0.04729999974370003	5.806784762252008e-9
0.04740000143647194	5.805256214316083e-9
0.04749999940395355	5.803786600644162e-9
0.047600001096725464	5.802376866032071e-9
0.04769999906420708	5.801024278730854e-9
0.04780000075697899	5.7997282229724815e-9
0.0478999987244606	5.798487384911844e-9
0.04800000041723251	5.797308148426652e-9
0.04809999838471413	5.796186753257149e-9
0.04820000007748604	5.79512161266989e-9
0.04830000177025795	5.794114650367017e-9
0.04839999973773956	5.79316655910888e-9
0.048500001430511475	5.792276121121965e-9
0.04859999939799309	5.79144057426386e-9
0.048700001090765	5.7906617459161374e-9
0.04879999905824661	5.789942045663516e-9
0.048900000751018524	5.7892834929663765e-9
0.04899999871850014	5.788684198400907e-9
0.04910000041127205	5.7881402824062765e-9
0.04919999837875366	5.78765450796766e-9
0.049300000071525574	5.787223470206364e-9
0.049400001764297485	5.7868506393615684e-9
0.0494999997317791	5.78653545534079e-9
0.04960000142455101	5.786276737691895e-9
0.04969999939203262	5.786073949573495e-9
0.049800001084804535	5.7859279077929205e-9
0.04989999905228615	5.7858402551325995e-9
