0.0	1.0962487645909415e-7
0.00019999999494757503	1.2738735316482995e-7
0.00039999998989515007	1.581840611017915e-7
0.0006000000284984708	2.0757338470309504e-7
0.0007999999797903001	1.8257505844032826e-7
0.0010000000474974513	1.7628577337332592e-7
0.0012000000569969416	1.650018676894872e-7
0.00139999995008111	1.4548547183373662e-7
0.0015999999595806003	1.3086778195016498e-7
0.0017999999690800905	1.2063414412801673e-7
0.0020000000949949026	1.1385276836890578e-7
0.002199999988079071	1.0282569245770641e-7
0.002400000113993883	9.645070556125227e-8
0.0026000000070780516	8.779243810198401e-8
0.00279999990016222	7.768111880574999e-8
0.003000000026077032	6.899517656700173e-8
0.0031999999191612005	6.749024269184048e-8
0.0034000000450760126	6.253321791103928e-8
0.003599999938160181	5.8785709251349296e-8
0.003800000064074993	5.515197085235283e-8
0.004000000189989805	5.498871007527849e-8
0.00419999985024333	5.137257996292779e-8
0.004399999976158142	4.901573999540394e-8
0.004600000102072954	4.6426316275626e-8
0.004800000227987766	4.357702077272539e-8
0.004999999888241291	4.141434888907387e-8
0.005200000014156103	4.0168007221619075e-8
0.005400000140070915	3.798709364608504e-8
0.00559999980032444	3.62508463152814e-8
0.005799999926239252	3.5441284702430583e-8
0.006000000052154064	3.39120775658623e-8
0.006200000178068876	3.238500075971108e-8
0.006399999838322401	3.155012405977378e-8
0.006599999964237213	3.043002532451026e-8
0.006800000090152025	2.942880998945374e-8
0.007000000216066837	2.8408489356906672e-8
0.007199999876320362	2.7381200822609963e-8
0.007400000002235174	2.658458468940344e-8
0.007600000128149986	2.5733588540888557e-8
0.007799999788403511	2.4962597308123644e-8
0.00800000037997961	2.425938911799959e-8
0.008200000040233135	2.3652532453025212e-8
0.00839999970048666	2.3098744176954363e-8
0.00860000029206276	2.2495164252374515e-8
0.008799999952316284	2.1939619849840846e-8
0.008999999612569809	2.1458688599986196e-8
0.009200000204145908	2.0991059105912783e-8
0.009399999864399433	2.048541416783685e-8
0.009600000455975533	2.0042031773493443e-8
0.009800000116229057	1.9606370067334817e-8
0.009999999776482582	1.920477622803902e-8
0.010200000368058681	1.8774163561462326e-8
0.010400000028312206	1.840294589632619e-8
0.010599999688565731	1.8038934360312677e-8
0.01080000028014183	1.769421104531828e-8
0.010999999940395355	1.7358788344177017e-8
0.01119999960064888	1.7047046128636196e-8
0.01140000019222498	1.674158779980364e-8
0.011599999852478504	1.6455846804302328e-8
0.011800000444054604	1.6173558078346032e-8
0.012000000104308128	1.591855806172538e-8
0.012199999764561653	1.566444633808439e-8
0.012400000356137753	1.539080383307471e-8
0.012600000016391277	1.5155377813705235e-8
0.012799999676644802	1.492559884474862e-8
0.013000000268220901	1.4697111838703809e-8
0.013199999928474426	1.4472504553766461e-8
0.013399999588727951	1.4258629311127695e-8
0.01360000018030405	1.4054832821393275e-8
0.013799999840557575	1.3852947522079905e-8
0.014000000432133675	1.3655910641994366e-8
0.0142000000923872	1.3474051687874997e-8
0.014399999752640724	1.3288135113195931e-8
0.014600000344216824	1.3112258149597574e-8
0.014800000004470348	1.2942566656839543e-8
0.014999999664723873	1.2784103591806442e-8
0.015200000256299973	1.262478084541184e-8
0.015399999916553497	1.246851552793928e-8
0.015599999576807022	1.2317295557293646e-8
0.015799999237060547	1.2167931114878137e-8
0.01600000075995922	1.202233803293124e-8
0.016200000420212746	1.1881442779487474e-8
0.01640000008046627	1.1745437604655279e-8
0.016599999740719795	1.1612301088510258e-8
0.01679999940097332	1.1484173470974875e-8
0.017000000923871994	1.135845329679595e-8
0.01720000058412552	1.1235903348286547e-8
0.017400000244379044	1.1116480741999953e-8
0.01759999990463257	1.0999987157419877e-8
0.017799999564886093	1.088718204143218e-8
0.017999999225139618	1.0777092157096707e-8
0.018200000748038292	1.066959266802428e-8
0.018400000408291817	1.0564099332070484e-8
0.01860000006854534	1.046176908602107e-8
0.018799999728798866	1.0362095828968037e-8
0.01899999938905239	1.0264708715154908e-8
0.019200000911951065	1.0169728294410639e-8
0.01940000057220459	1.0076033724831823e-8
0.019600000232458115	9.984247986678787e-9
0.01979999989271164	9.895263748462466e-9
0.019999999552965164	9.807666025319617e-9
0.02019999921321869	9.722256538022406e-9
0.020400000736117363	9.638536786767262e-9
0.020600000396370888	9.557014245227475e-9
0.020800000056624413	9.476643696411998e-9
0.020999999716877937	9.398134346465173e-9
0.021199999377131462	9.321861746905136e-9
0.021400000900030136	9.247184482707076e-9
0.02160000056028366	9.173645489290403e-9
0.021800000220537186	9.101785985130703e-9
0.02199999988079071	9.031571918842271e-9
0.022199999541044235	8.962841170398696e-9
0.02239999920129776	8.895440487853022e-9
0.022600000724196434	8.829514769831935e-9
0.02280000038444996	8.764734475006141e-9
0.023000000044703484	8.701129345119264e-9
0.02319999970495701	8.638920084192545e-9
0.023399999365210533	8.577888885238347e-9
0.023600000888109207	8.517891908732e-9
0.023800000548362732	8.459244834862809e-9
0.024000000208616257	8.401766599517332e-9
0.02419999986886978	8.34539419144564e-9
0.024399999529123306	8.289977467740541e-9
0.02459999918937683	8.235725241493342e-9
0.024800000712275505	8.182493640567507e-9
0.02500000037252903	8.13028743860173e-9
0.025200000032782555	8.078880937390965e-9
0.02539999969303608	8.028661869206868e-9
0.025599999353289604	7.979544067833915e-9
0.025800000876188278	7.931260301834361e-9
0.026000000536441803	7.883808476818774e-9
0.026200000196695328	7.837360208725698e-9
0.026399999856948853	7.791563231526976e-9
0.026599999517202377	7.746715783326195e-9
0.026799999177455902	7.702591563867456e-9
0.027000000700354576	7.65937020753592e-9
0.0272000003606081	7.616853482207164e-9
0.027400000020861626	7.575272534219899e-9
0.02759999968111515	7.534309198659887e-9
0.027799999341368675	7.494090044297723e-9
0.02800000086426735	7.454680526006569e-9
0.028200000524520874	7.415944633588983e-9
0.0284000001847744	7.3778749722583655e-9
0.028599999845027924	7.340552802308646e-9
0.02879999950528145	7.303788073048455e-9
0.028999999165534973	7.267767825925258e-9
0.029200000688433647	7.232363366351599e-9
0.029400000348687172	7.197653267362866e-9
0.029600000008940697	7.163486079174628e-9
0.02979999966919422	7.1299051992681846e-9
0.029999999329447746	7.097053000204198e-9
0.03020000085234642	7.064699893535062e-9
0.030400000512599945	7.032882154935501e-9
0.03060000017285347	7.001628832486463e-9
0.030799999833106995	6.970950326548861e-9
0.03099999949336052	6.940790942365167e-9
0.031199999153614044	6.911135019626997e-9
0.03139999881386757	6.8820244948148915e-9
0.031599998474121094	6.8534386266080456e-9
0.03180000185966492	6.825339624175263e-9
0.03200000151991844	6.7978304039026534e-9
0.03220000118017197	6.7707566093372495e-9
0.03240000084042549	6.744183792748694e-9
0.032600000500679016	6.718072294129603e-9
0.03280000016093254	6.692428441302142e-9
0.032999999821186066	6.667267089229257e-9
0.03319999948143959	6.642529661375553e-9
0.033399999141693115	6.6182539174703655e-9
0.03359999880194664	6.594453707307512e-9
0.033799998462200165	6.5710748734055805e-9
0.03400000184774399	6.5480909885593975e-9
0.03420000150799751	6.525508891818495e-9
0.03440000116825104	6.503330145142552e-9
0.03460000082850456	6.481569794178289e-9
0.03480000048875809	6.460210829901259e-9
0.03500000014901161	6.439257324248942e-9
0.03519999980926514	6.4187228922165725e-9
0.03539999946951866	6.398538786490334e-9
0.035599999129772186	6.378747284172268e-9
0.03579999879002571	6.359339560137294e-9
0.035999998450279236	6.340292578646766e-9
0.03620000183582306	6.321603327832275e-9
0.036400001496076584	6.303282354196463e-9
0.03660000115633011	6.285295285125331e-9
0.03680000081658363	6.267658986903434e-9
0.03700000047683716	6.250387148859751e-9
0.03720000013709068	6.233439261665584e-9
0.03739999979734421	6.216854626210224e-9
0.03759999945759773	6.200589865860439e-9
0.03779999911785126	6.184655557222857e-9
0.03799999877810478	6.1690571582195015e-9
0.03819999843835831	6.153778306943426e-9
0.03840000182390213	6.138822296500992e-9
0.038600001484155655	6.1241723852263345e-9
0.03880000114440918	6.10984120262596e-9
0.039000000804662704	6.095803844818495e-9
0.03920000046491623	6.082075963814849e-9
0.039400000125169754	6.0686519556965955e-9
0.03959999978542328	6.055537536854552e-9
0.039799999445676804	6.042714855660726e-9
0.03999999910593033	6.0301685949494064e-9
0.04019999876618385	6.017917826299592e-9
0.04039999842643738	6.0059548774622845e-9
0.0406000018119812	5.994291247095501e-9
0.040800001472234726	5.982907607171736e-9
0.04100000113248825	5.971801865128657e-9
0.041200000792741776	5.9609800612200605e-9
0.0414000004529953	5.950434672234948e-9
0.041600000113248825	5.940149849783955e-9
0.04179999977350235	5.930144074091354e-9
0.041999999433755875	5.9204045980289355e-9
0.0421999990940094	5.910932701517522e-9
0.042399998754262924	5.901719470113441e-9
0.04259999841451645	5.892764783019932e-9
0.04280000180006027	5.884080750624216e-9
0.0430000014603138	5.875652466922447e-9
0.04320000112056732	5.867479224115174e-9
0.04340000078082085	5.859559710857319e-9
0.04360000044107437	5.851897432242183e-9
0.043800000101327896	5.844492550455853e-9
0.04399999976158142	5.837334077989969e-9
0.044199999421834946	5.830424437519663e-9
0.04439999908208847	5.823757288029746e-9
0.044599998742341995	5.817339311312766e-9
0.04479999840259552	5.811164086187386e-9
0.04500000178813934	5.805233491223603e-9
0.04520000144839287	5.79955045737304e-9
0.04540000110864639	5.794102089559004e-9
0.04560000076889992	5.788895853834436e-9
0.04580000042915344	5.783926508343204e-9
0.04600000008940697	5.779196223323202e-9
0.04619999974966049	5.774703992690934e-9
0.04639999940991402	5.770447240443225e-9
0.04659999907016754	5.766423914573288e-9
0.046799998730421066	5.762632909014201e-9
0.04699999839067459	5.759077356308276e-9
0.047200001776218414	5.755754499298829e-9
0.04740000143647194	5.75266535557545e-9
0.047600001096725464	5.74980796202486e-9
0.04780000075697899	5.747180479828241e-9
0.04800000041723251	5.744781803074772e-9
0.04820000007748604	5.742614044623371e-9
0.04839999973773956	5.740673613945068e-9
0.04859999939799309	5.738964366083512e-9
0.04879999905824661	5.7374836637590575e-9
0.04899999871850014	5.736231374219639e-9
0.04919999837875366	5.735207295370137e-9
0.049400001764297485	5.734409221604445e-9
0.04960000142455101	5.733840516569905e-9
0.049800001084804535	5.733500058206734e-9
